681606
244336
839794
504180
758399
1059268
1763648
1008174
729653
995429
1209184
710419
1951006
339883
339882
339880
449141
1501621
1093145
1093148
1349955
1174206
1998695
1072244
1005047
1347538
592320
1227727
1978918
1901584
939911
1120282
1676911
899007
754026
358509
1267242
742881
713998
153556
657511
1306290
134343
875550
1738753
1558738
1753326
1109771
1379608
790291
1609590
846288
1959547
484400
940885
1986479
578021
892788
157386
1053450
714073
1982367
1225444
180294
874979
1888709
1044949
1187123
433081
1488663
1232813
1764357
1268222
548683
495724
1876355
1876600
1687510
640475
1939471
1554595
1208440
1525415
225783
225780
225781
225786
1222231
225785
225788
351132
1425757
1055440
1052321
1296189
749685
1892205
1134879
1698411
1377294
1879954
523203
1489132
1989119
1248989
305991
1633738
244813
1359606
516401
1744624
714679
1558255
1062493
463921
754259
754258
754253
754252
754250
754255
754254
380815
1281449
1167913
1854818
93138
830089
177103
776074
1395156
1455642
1455641
832021
832792
1455645
1095204
1646998
1277035
1974783
1329191
1519005
599804
748605
1191261
1191260
1822550
1191597
904942
1291184
1129643
1391814
1529281
873647
1780645
1681586
1286580
1224098
204076
1449237
1682176
929941
1013069
1530029
846931
1382051
295517
1225057
949471
1050170
1225052
1194499
1621783
1687183
1993786
1946686
1933571
1480662
1962779
1864610
1391449
1025078
1025076
1025074
1862750
1397228
1103858
1490278
1810126
1390686
788766
1638110
1638112
1687722
1003310
1904343
786611
1534565
640042
938308
1223065
771521
1197735
1989606
830328
1054655
1518636
1229608
976628
924648
1027538
477990
547814
1743891
1662708
504165
1794305
306507
897239
1723351
1095837
643536
776518
1653006
1727325
1244538
1689584
1538539
1715346
933302
1576167
1549077
1522552
1879741
1879740
1879742
602372
602374
1020644
1240547
1706846
1190051
943513
745168
131311
754625
754628
806787
1270536
1447496
215324
1097085
1492538
1825615
1445309
600932
1286082
1357501
1753694
1873877
1873873
1714830
1721057
1815685
1721051
1922347
1866421
1440941
875537
1585367
1202515
1576050
1791959
1753345
1585368
1810338
517914
215034
841001
199369
162163
390860
1221034
1777875
849262
1822340
1657793
1155914
1267919
1207489
1200456
1072911
709454
1174820
196787
1924701
916804
1725773
788594
1305969
788591
1031925
762855
916754
1007318
1896888
1752740
1489482
1828475
771205
950924
1720543
1092760
1485682
990682
1946649
1938057
123055
242436
423892
513230
1940126
189161
1943698
189167
1943165
977163
383565
1810934
1927615
1871532
449713
928180
959029
466884
356669
1394332
1544523
1247875
1249324
784734
784736
784731
262686
1092915
1583483
919913
1288835
1804888
1299302
1348104
754186
576413
1572257
220045
1185887
1477082
1572476
923605
1228402
1050416
1472223
377410
192058
1230690
457446
1871829
1230699
877704
614412
873083
343558
470084
1604994
1843891
1705987
1705986
118300
498473
1705989
722084
450474
1093200
801417
1694322
553808
1521236
199771
134133
909351
550130
1273936
1196597
157383
943239
1441395
1663672
1779049
806195
1466252
980960
749457
1924564
444037
1798965
543208
395027
1453160
1086275
1120642
331327
331325
1735130
396558
1709953
1193582
1439949
1247208
1636624
798758
910648
1579446
1574169
868684
1887607
960923
529342
846834
1228977
1875992
1875993
542643
1518968
844096
976647
1718366
1616343
1658986
1603511
787542
1074784
492034
1715068
1611969
1745744
1788388
734687
1743741
576065
929133
1267690
1469072
1974972
286586
845878
1378595
998049
881221
593146
881222
1762229
759237
1985509
827943
1623219
1660399
781719
505455
1747713
1253007
1782524
1143913
1415760
868308
1053145
577899
1138629
1563531
1133633
931529
1761859
1609736
976349
1888745
1121360
1888741
454598
1225487
1116967
875517
1454962
1028362
707729
707728
1029547
707720
707727
1631341
949536
1524291
1318382
718447
1814217
415169
1740503
808016
1520455
1417600
1417601
295309
296125
1898170
1222235
191967
1162720
1233102
529888
971361
1661352
1075310
1090052
1817744
1757255
617858
1096304
606755
1147117
1244161
497188
1147119
1340247
209741
207822
207820
852677
1571612
1709613
1044213
354686
806076
1638878
1482188
527046
562342
1931204
90858
1873664
1903925
1795505
1951223
1829330
1454144
900745
1395373
1839801
873060
1861830
1449141
1705963
1445705
658829
809625
1520527
795665
193613
742619
1077316
1813928
764734
1645346
1819245
1287632
1287633
1631136
1713220
1563946
1836631
401574
865331
965778
754161
1585758
1674145
1109303
1233661
658355
1967980
1109659
1966052
310097
1845561
1734536
703564
203028
1491729
1862711
100740
1862718
1574986
1647350
1695232
1738452
786824
786822
767118
948349
1286543
818034
1684942
380407
518875
1016097
793781
1049840
1859833
1187579
1247088
324707
1247082
1677395
971116
572831
284342
1961209
887690
471038
1138897
1435447
1283490
1283491
1895313
196571
1532756
1960331
330162
1273248
330166
979118
810029
1448394
1530669
787521
933475
527545
127188
1280678
1879836
318799
1280673
1879520
127184
1707137
842151
1112501
1211409
842159
1973672
1290872
1337126
835677
1951012
1444277
1444276
1968125
1205973
1492860
1660402
1660400
1660401
1018055
1453443
1935998
1796629
1972544
1972541
1167878
1729763
1245622
786216
1245620
1903025
945815
1503169
1872920
1712098
1415169
1948760
1800220
558153
555300
1861198
684833
1861195
1861194
1462327
1861193
1747269
1450629
1324218
1781746
1712896
940864
1367041
904843
1364650
756954
1563002
1605638
1979624
1563004
254343
1164746
618028
1466516
1874874
874911
1353330
1124224
1925005
1364388
1331075
1646745
644904
1239991
1746027
875060
820262
1570332
1200413
264933
1596087
808383
544295
769451
1121791
1792423
1785738
1647650
1592233
296829
798546
798545
1207197
491530
1855838
1177264
290795
986437
1467933
754195
759451
717725
1904102
1904103
1446241
1019480
1642693
1019482
671954
1806566
1876840
983670
1203501
779497
1097822
1915369
1750155
416457
1443671
769188
1767094
1228838
924852
350203
154803
1722728
961226
1724606
1198735
740098
1521904
1568691
707308
974239
1493872
747729
308394
1471723
747722
1050451
221712
1951204
828907
828903
1875760
1146223
1792997
828908
1545473
1280087
1280082
902943
1227822
821418
270341
1623029
1214621
1080752
449317
1261881
520878
933131
405500
1842325
1210293
871998
1057454
1872593
1870737
531318
951791
610592
1855830
184690
902613
1112182
1433787
1294990
1843274
997529
1668356
1922040
1311917
1342097
1834753
832793
1507408
1692202
944138
184967
1687290
1674873
344742
344743
609104
1046680
1212634
1138324
1363013
1246958
1639112
1131133
1653067
1833935
1310203
1965215
746802
1854407
652964
907395
144480
1120074
1237386
1408741
1688926
918054
1357909
1798734
466901
256456
1536469
897257
272667
569608
983361
1120290
1210840
1929464
929313
1231609
1236656
1335432
378399
528190
1127961
96390
1194222
1081584
1210592
1787994
1204052
1519526
1227546
901704
952859
1088345
749621
580625
436839
1793956
1936578
588422
1812397
1170542
1170540
1345816
1672050
1170548
655769
1171148
1032770
1218105
646652
1086008
1415492
1081768
1937482
64980
690516
732702
1368707
205551
1327760
1317989
1819707
1368708
477677
1572179
719289
756977
1363951
1572172
1654714
522821
1129525
1755846
577854
1430440
888724
1515290
235217
1183628
1620627
1158009
1506439
985445
1390769
1506434
948111
914774
659921
695355
1592032
659927
739701
1076657
1527836
795365
26680
1832200
1360759
163277
163276
1468798
1087068
519594
949791
1499246
1120058
1010874
1120055
1120056
1120057
344687
1261521
986672
1664148
1956766
1674485
1212176
1160509
373872
1531166
1031326
1141364
1091481
1340285
1223103
522221
1753995
848336
1226085
988105
1197927
1984796
1266719
1708382
1545182
747748
1879481
1447888
1146200
1146203
124051
1440350
248435
1106109
652164
355377
1754672
1210105
1061338
1358593
1690735
1640367
780837
949478
625944
192283
797172
800853
1195071
1017765
960017
949477
949476
1337942
898556
868149
1393761
879319
1838062
1605401
973661
1180521
1958885
610067
1926018
1073929
596345
1152186
1955103
1959682
274847
1862207
1242656
1683624
329473
1286582
538041
1636688
1941802
562548
516812
91161
907666
1472813
655777
314669
907917
1516507
969235
103075
876331
1710615
652907
725324
725323
935382
1801514
1081831
725328
793290
961852
1215695
1661512
1248469
1979327
1648163
1795390
476864
1700413
1851561
1596547
882455
1673505
533558
7739
7738
846851
1931748
259352
1051607
1907208
1236453
1820511
822563
642993
606037
912379
1633568
1178542
430082
1339210
1379117
1783324
1286004
377399
680176
680177
1845567
1571173
688364
1881685
1954446
196856
905002
377131
1492317
196795
1951016
894642
1033558
915354
781808
1450620
345260
1753618
612000
1035226
1761296
1556429
888226
739548
655900
124550
1967558
444216
1205714
1376440
1205710
772901
788761
1980057
944878
1670385
944877
1222741
911501
623920
1617954
1269903
568501
1163255
986470
1159882
845285
845284
827673
845281
845280
1817099
1647075
1547687
1802512
1863638
778599
1933035
1022752
794388
1613765
1985027
1626581
604771
1290867
1008420
1848472
1008422
698074
648283
194825
1031303
1985974
1039485
1054731
1265079
786063
1253885
720529
1440781
770089
294979
661618
756437
1046348
30073
1262815
1850555
1700760
1820164
1885162
1662648
1018794
1885168
1885169
882453
1780236
1759342
189658
644332
430086
430088
1669697
1927036
1082465
1820707
916310
140119
916319
253670
1288616
776819
1723094
774000
1289566
404491
1787182
1811727
1280379
124031
124035
124038
827364
515654
1805753
441240
1272768
441244
1383014
1158905
1117316
1861239
1861231
1861233
1615968
990243
1766295
1073904
1473655
1786308
1125360
1112498
832197
567191
1086766
1706013
1076028
1692716
163628
1248031
1844898
513718
1948287
931482
742274
747447
1941758
964532
964531
757757
1054947
1867278
1835689
1997131
544138
1997132
544135
544136
544130
544133
544132
1664316
591327
567897
611356
1020258
1850699
1431585
1933853
1862959
652924
1842010
1637003
1516520
242514
1699812
761431
1381657
797552
992534
1959809
1688968
525256
1681094
1921311
933412
935102
1189550
831641
1485033
855314
855315
1603834
588015
1292833
1473011
1666313
977064
373129
259370
1661506
1661507
119673
1478323
1791072
899935
1974469
24429
24428
1332295
1377398
1272577
113031
1744472
1185349
309811
1185344
1744479
1014161
1014162
1178568
603662
1281560
958619
197837
391978
1077255
1902326
1204469
974020
1803396
1604653
987920
1364632
1050755
842060
819742
1871526
1009378
1996743
1679120
1097422
1620662
1815821
557605
715125
1002141
1808061
780376
836198
749256
520318
1811119
519972
914000
617901
1411689
1180971
1984385
623941
932341
1968703
586883
535388
1392445
1664763
257568
1120012
1173647
731175
934040
1796800
1724127
608466
1148429
1229185
765929
1088539
516737
622880
672072
1574065
846602
778525
938467
1364832
1000392
1228856
1229728
519968
1426819
1468572
1315510
979055
1865356
289752
319140
1841474
1841475
1841476
319147
1979300
93643
93642
1718354
1713020
256779
809209
1358620
1606509
1895038
1532476
1030368
1140412
1927010
1755495
915830
1549339
1201845
1698097
1248693
1277271
862996
1210142
1840075
1236000
1349302
734033
734032
1624866
802749
1529533
1576629
881163
749005
881168
131213
1906137
131219
839078
1824448
124010
124011
124012
124013
1120383
125761
1291416
1624688
1339391
1861217
1861214
1861215
1861212
1861210
1861211
1787489
1861219
312945
1399008
939726
1558125
801218
1696027
1899693
1053088
1636538
558384
558381
1220550
1138160
1220558
1909848
1852494
1234576
1621835
598680
439499
544117
544116
544115
544114
544113
544112
1277875
544110
936126
1439474
544119
544118
909888
909889
909886
909887
909882
1274378
875362
198554
820164
1862794
1390753
1009963
1208035
800304
614334
733849
1688949
407394
1068685
853842
1909704
1443595
1840565
746579
544139
1992322
1816488
1947239
1031110
1064713
1934194
1613396
1664593
1186627
1664599
1186624
1323741
1282893
957877
188401
188402
188404
1736415
339517
1663211
1152781
1169745
1169740
493101
1557355
595379
1160355
1377378
1377377
1728434
521199
1218304
1218302
632653
505743
632657
750382
96370
958636
1070003
103860
1642172
1572337
880480
1426706
1939110
1865161
613185
1794030
1963638
600040
706944
839336
1795235
1604325
1050778
377689
904294
819942
1501713
1501710
1501716
1501714
1116107
707014
800932
196090
873749
358298
611587
611586
1691708
1945376
297361
1573067
1240944
1536940
1134475
951387
951382
517652
1773959
1861138
213825
1138752
1776122
163297
187535
845712
1738596
845719
845718
1569137
847973
1269949
1852370
1444758
1675590
1491624
344669
531660
1781983
810167
1904188
799493
1531321
1053695
521425
958030
1144959
142797
142796
58187
58186
1207441
516755
1628266
913948
788554
1247492
1800897
1296615
1851318
1225282
934952
917089
1700231
970659
433399
1863188
1126176
1328939
1877622
848397
1046388
1370327
1905979
1426879
1442362
1284400
1900182
660430
1935122
1665655
1181092
803301
803303
1628991
1064811
778839
935576
1081195
1963847
1809570
1243373
1211742
1545340
1590542
1590548
1347798
1947917
1284246
1344229
1134901
1055695
1393892
1570127
567892
567895
1197986
1968260
1643650
1478028
497599
556858
1495996
579760
1778170
117403
1828113
1744535
1881433
227828
782843
1407196
153949
1903764
1844205
1873938
1860276
617728
617721
617724
1198840
1226059
1529511
854074
519831
799264
1640906
1548196
948503
1046816
1589275
1415319
1577008
1658787
1658784
1124466
1700845
1899968
1476318
294733
1779446
294736
1157767
1899416
1234559
679455
534286
1835914
198795
198797
768997
827404
367383
1048111
122805
122806
538281
122808
1114193
216300
1400249
916909
1429510
1710850
1681329
1009904
1031280
1090661
798608
798609
1715821
613894
561307
935362
1699773
841839
537576
1717084
262381
537570
1915798
395139
1314618
395646
1132194
1268760
1168582
1131947
243794
1135427
888404
1202661
1433946
1006562
709057
549657
1826416
1026356
1026357
1244082
430474
374312
1823624
1510245
1633639
381154
1968183
728659
1889288
1793547
828938
1372182
946902
1861165
934234
934237
603114
603110
1766186
1830695
593985
1618965
1583655
592586
979716
447932
536569
1945979
1979530
897439
1518298
1788870
1509254
1518567
1359323
616627
1897680
1839014
259260
259261
1415417
1171492
1392686
1066166
773697
1130741
410118
539253
1163050
969940
1055319
1073083
1184295
128758
511513
650230
336270
250005
1063287
727597
345604
1091102
658038
1982547
694620
962851
1283106
850928
850929
518935
1952209
1844332
650647
479692
1565678
909925
529513
909927
544099
788570
909929
544097
544094
544095
1613122
1892487
1855368
846640
1182061
290308
565167
1850061
434492
1553548
785392
1868753
1892260
1687406
1144756
869327
1984866
195820
935556
819138
959821
774129
924252
620189
1809590
410931
1289004
984983
1450873
1075532
859367
859368
750280
835442
897593
968958
1576376
1043825
1663532
100733
100735
1122051
890316
1089520
425537
425535
896427
1898964
896425
1623330
425539
1634837
1093190
1624640
261461
1808943
1808942
1808941
1092829
572371
1732325
1399048
720906
1726804
767408
448067
1712754
1779283
1712757
622351
948077
90909
942121
477755
677874
1765932
1882145
364278
1882146
371256
1508919
1508918
1508917
1150531
798992
798993
557580
853494
644519
853493
1408338
1020764
434939
1922531
210186
769559
134045
1149256
1290143
619613
1090467
1987712
1035096
1778766
523491
1078841
1344598
948692
1561368
395113
395110
1835664
182098
1836480
757260
893770
1481573
1082326
963909
1728387
1359950
769736
788901
1667265
829930
1254446
516549
1832907
856819
1982066
1634060
1640667
1046224
673495
72640
1947270
1510936
1212708
1966816
1708917
1070047
830740
977770
1428313
1159617
1963413
1820661
1820662
832675
1324870
1861201
425946
904082
1273421
949164
795466
1821647
1034963
785344
1210649
155216
1667288
1646034
1824693
1824694
853398
1983829
456518
1695189
1174489
1470192
1719584
1132385
807616
842851
1282522
639432
1945336
1591267
485086
1470224
141676
894758
644651
557604
1756510
1996456
752919
466419
327064
1674938
1091477
1738888
1679337
344627
1528455
142283
1528452
790147
772895
551865
736939
1234690
1363754
1955795
1405001
829494
1817907
636861
1822033
1822030
909909
909907
705345
909904
909902
909901
909900
655891
1432247
347999
336924
1480566
892361
1480568
1353164
1204974
1930826
713224
600215
319475
319478
862689
503071
1261183
1539538
892692
918262
971699
1485421
918268
846936
1362158
845919
1586271
1481214
1280046
1255647
1026259
334279
1840012
373334
373333
373330
1226972
789866
249015
158028
430115
430114
1081776
1016867
1399200
1753827
852250
852252
754188
1037028
754187
1285402
1507914
567278
572355
1913757
447876
843543
567275
1543964
872642
1282755
772038
1250633
1472110
773778
522706
1559986
1907647
1721441
962461
1804443
534796
260201
260202
592047
314178
1129772
1440889
1387731
1624599
1038594
608542
883770
1442485
1797203
945734
728836
945731
1599038
892993
892990
898281
892995
857053
772427
831972
798312
935989
1386604
1908002
853828
1206490
395179
1889934
1213493
781051
272923
272927
1852678
1510956
1934467
1017653
971209
1876948
1630173
768220
909879
1647221
1928819
1115286
617910
1350315
1241268
934058
934052
1337455
1840958
1840959
843959
1951324
1074566
1018832
1448884
1665914
1084244
785587
225773
601803
1720824
1248040
601804
1224947
1224946
1274982
1430745
1083946
1788839
1210660
1378376
1356782
515796
817948
1708642
762414
1230487
1267561
1663186
523723
984062
1450687
1000058
1231281
1227146
1227416
857045
956544
1790716
1190658
937772
989048
1607967
1442344
835709
1607963
1622871
1444083
141655
141650
1668514
1508030
1861606
1093307
1088941
1967863
1819294
1874200
1093819
1812719
928533
868216
521448
683759
1086481
1901985
1657510
1234674
1234900
1978718
1424805
586911
544059
544056
544057
544052
544053
544050
544051
1446238
1106110
886929
1843537
1444302
1098796
1234011
1619804
1052987
1087533
849179
433339
1036077
797475
398646
398642
379129
1578323
1261417
1243647
274286
1373561
1063481
1817922
1684135
359886
1460673
1140498
1130881
1776543
331482
471601
1016263
881691
933911
933912
1864449
1380191
1380193
1380194
1380199
1633191
438372
1861126
1800329
816379
1994776
1881103
1505029
1986977
1201345
958734
1372772
1743688
1194129
1398937
1544908
554018
209513
1575932
551020
1092868
1054580
1364472
572331
1586432
1993319
1377699
1586435
959484
1651917
1589787
1379925
1268930
183826
274881
644889
522720
1725341
1871919
682985
908605
1861164
1035502
1861166
1861160
1861161
1861162
1861163
396563
1906570
1861169
1600014
201826
185500
1782593
1927982
501520
1335319
128757
1535893
1807951
128759
210679
731443
519855
1693530
1386048
1092687
1699826
949340
949615
1983048
955277
682362
1926588
619476
532213
1290367
1320413
987897
1137728
532813
532817
520640
1120131
1871922
749702
1286765
1814493
1805373
654534
754227
596835
1834970
862197
1356636
264352
754221
1750765
1647240
1861203
1592535
724410
620206
934073
1644538
1067848
849543
752471
1486766
946968
1835081
1525970
1323873
1198100
1513608
1861155
1780371
1799884
886123
155037
1542277
338248
1620131
1277510
511050
319339
1645667
627960
1341265
1556848
1681744
1282904
1282901
785651
785650
915399
515807
504079
323568
1444323
1937971
1903820
755793
396566
396565
335879
807656
536450
881313
881319
184596
754228
754226
754555
754224
754225
754550
754220
1317615
215723
821711
493548
1926135
1058266
135279
1783501
524211
1537818
1743604
942064
265627
1195886
1286373
1286376
818314
244605
1234650
1853065
1728543
1054024
1076810
1847385
1598047
265448
176914
1699497
1757350
544070
544072
544073
544074
544075
544076
1436048
1002291
1941565
820624
1699192
1924862
826500
949152
1987946
527331
1344636
367686
367685
502216
1425996
1425998
1100182
930011
497654
615225
776618
1233560
849157
1880233
1465938
259929
1051508
243924
243923
893054
1854624
1680350
516648
1060377
866122
505932
1211079
503036
712534
1964935
1037206
1544614
606623
374674
1209159
943629
701945
827821
1123587
1624971
1692951
989520
989523
526441
1583600
504685
1649009
900695
971500
1945872
292360
292361
1008121
1094188
1841728
1234387
1991285
1276312
1873755
1873756
1658707
1246560
357446
1783265
1926830
1398600
1398604
1861148
1861149
1625972
1861140
1538762
885772
845515
845510
512820
512821
1077446
1469293
1077449
947005
1411036
512770
1072459
1818534
916986
1872530
1145494
64895
362483
1896651
269534
981298
865575
1183508
1757359
1976032
930843
544077
1158721
1604311
1505643
757798
600737
1286749
1118918
1353263
608505
1787021
608507
1090915
1626480
146997
1868836
146993
1793015
948410
1685663
1986132
1275278
1251256
1560075
1789161
1116680
1182365
1564992
1391905
1277683
294989
990994
1069699
311633
196084
196085
1095185
507010
1712063
641713
1861223
348564
778643
1137301
898886
1395524
859593
170405
504098
1377716
1549185
1780761
1434220
1325416
84957
796985
831453
1426772
1373508
1518301
356679
754209
1331682
754200
1703182
586737
754203
754204
754207
766213
1812289
1722420
1824184
1812285
1437336
1846914
1286179
1810530
1636271
1283985
1023482
1478875
1808793
1201014
515136
1718611
1005401
1290084
1690858
1379243
116073
1757191
116076
564816
371885
524359
1657559
1124171
1969623
1969624
1969629
1098754
1670011
1815930
828015
828014
888132
1781960
1750973
1207715
860372
860373
860371
1105110
1000264
833034
171230
1077029
1063376
932966
624500
918135
1809042
752207
198297
198296
198293
144699
557341
1601403
1705056
1326051
1564544
706630
1863122
1517481
661923
661921
689799
1950754
1169668
423922
1459423
1754051
1688687
1685222
1788953
1350128
827845
1178427
1380338
1950572
1170406
1170407
1170404
299870
1170408
1722656
989509
1378596
1061267
1642704
776707
1426693
522721
1513816
1384788
1763674
127115
1127148
1765630
1181670
1308534
904235
967895
1134656
1010093
1545543
357420
357424
1272780
602382
1782008
1672572
1861121
1861123
1784928
1398627
1508735
1861127
975986
731407
1069870
1282444
1047921
1752047
545994
1290904
1195437
689805
927875
1908208
1892165
1697507
137091
1290417
1739500
909044
1832572
827204
655482
1776911
1006275
208506
1952094
917109
133576
1809184
1357162
1221712
1547303
1197620
416062
416061
416060
400211
1188600
1186117
935920
1854683
934032
1786667
985551
1212781
1038429
1020325
361808
1960009
375068
1723673
1596769
1012795
1140530
482602
469125
1502671
1177521
782142
450697
792381
1687922
1869899
696228
1799594
1134826
1346922
123005
123003
123001
1373652
1280766
1177748
963897
1040346
1413510
812630
154744
1744672
716357
1119446
1119444
1569809
872786
616631
240706
1607276
1032138
754262
754260
754261
754266
754267
754264
1383643
754268
1868209
1364551
1686253
558739
1041696
741336
741337
741335
741338
1348404
1170218
1954263
1032868
1285707
1258858
270485
396520
989525
122982
837620
1127938
1035483
1969812
1301158
1276505
1155424
1155427
820001
884856
739987
739984
870523
1092704
1072089
870525
1244849
1775483
1087558
1967119
1981923
1795907
949114
1681100
949112
659811
1641849
734930
918153
1276990
865328
955751
1725335
537436
893894
1888545
284339
930059
983006
1750339
1940704
656432
338870
1673955
1128722
1230834
1178741
1817322
615126
671883
1871713
1278457
642506
770668
862604
607820
1140258
318708
867123
1209191
318702
1209194
843637
1724177
900442
472221
103082
1575129
1577973
954886
1236315
1197501
1492789
1364948
979612
1635980
1658950
1297805
995430
1669858
183848
649507
309263
183840
1951602
1756961
1295372
1093429
1093427
320799
1815742
791662
1808612
780905
1841859
598660
392161
1719710
962172
501519
669598
831226
767385
831224
1929992
1088827
600901
1317444
1861102
203620
1868417
1674039
1674032
1151644
1952389
1028865
790286
754239
145337
1781885
754238
1791909
211567
211569
1678293
443603
1867856
949327
1781084
1405140
1696653
1183814
1706269
1757785
1127762
1127760
757427
1490926
1970309
1504958
1859453
1609938
1724784
1675748
1850398
1905813
1623899
1961370
1760260
1161648
1161649
1393160
188249
185328
1258765
1160599
1665735
1890614
340915
789307
1160353
1792763
1685432
914870
1100572
1019658
1541491
945379
946676
946678
641754
1879942
1685692
1186532
25935
1578659
778601
1122061
1880040
992806
1655688
1238676
1708311
1055021
880972
154720
209737
898390
209733
1968059
354451
180296
1039438
466701
1101710
908212
436923
1555515
1544512
754246
754247
754240
754241
754242
754243
786366
786362
786363
1938411
1359458
786368
1733343
1718433
1948613
1241565
1429790
1455655
508500
1747354
1268834
499733
744490
1783196
577903
577900
577901
235561
662814
1927862
980860
21922
21921
652400
134166
467151
1172273
1967130
1120351
1815970
601677
799470
799471
519770
167863
935228
1300263
1742544
123560
1945120
658384
1029236
737973
1128527
1049965
524868
360473
1025062
1968535
1983061
1581137
610194
1473978
507429
1259730
516379
344287
518820
765870
538521
538523
1008516
1740496
269536
395902
1044435
858543
1836934
1226664
1767966
299525
830661
1580669
114009
577126
1974496
931842
460079
712339
688084
616744
1975545
1168578
1723342
932392
1895691
603692
603694
603695
603696
603697
603699
544064
1689590
1875476
478881
855430
1210504
855436
1018007
364257
328259
198800
198802
293470
1085359
745176
1958375
307662
1157100
1828201
1088805
362399
1901590
617657
305757
506450
617659
1703771
926382
1249437
690515
1444611
1955630
555376
1866129
1109747
1440937
1595808
820967
810088
1796202
1966413
735941
546781
1966418
1382187
1053198
911311
1734681
1877031
232258
1668024
948474
936920
1131739
324527
892791
892790
1297594
324529
1131734
1485816
1260208
1506442
1461845
1883940
1187130
1267921
1187132
1174830
1084005
434378
1090061
637982
1921624
1326137
1849573
225792
749695
1919438
778621
1384803
1707313
1707311
1921444
1707314
751129
1097874
617866
1021017
335320
1880712
577355
1232685
1255832
1985704
1793019
1366449
1366448
1928133
1602000
896327
934780
1787600
1270716
896328
896329
1871525
1104039
1871527
1170782
1871523
1094297
1793435
640863
1395328
373097
784720
1197955
1402116
1371353
1587933
1211591
958830
958832
1263334
1873697
1263333
145001
1770006
1712235
1477321
1477320
1024537
391843
1105851
1066364
1066362
1066360
1538319
1792149
1091922
731788
185641
515992
248156
1756086
404623
1780653
879037
879039
1713509
791360
1749957
1811247
943228
1221561
964903
295506
10509
1832698
1832699
1298010
1599395
1238134
1233653
1918903
1507108
1864608
542901
1661405
1664927
709054
1864607
232757
344738
801065
1891114
1439939
461278
1687710
548089
1806658
1530901
1000517
1731310
1806652
1405331
752599
1902804
976582
950035
924419
1236688
1161388
525719
1935258
1018978
1116438
1226645
993836
355680
1584584
1685571
1124880
1105271
616721
145764
598233
598231
1136366
1136361
504170
1635946
1799142
1098297
1098294
1874859
163287
631405
1635491
835685
835686
835680
835681
835682
835683
835689
1788020
929100
929102
1050368
1416220
1509883
563233
745167
943509
1030874
1055254
1901610
1767760
1497953
344090
1059589
1270529
1456825
1566007
200289
711157
617678
423659
683382
683381
1928475
1175565
1253013
1253012
1595289
1006217
686447
249530
1202520
1363984
1765032
457475
517965
362406
1180630
1598704
1548553
1848791
1360728
1562928
677618
1822350
1461865
1929984
1353369
614011
614016
1832260
909892
707738
826175
1351961
707737
707731
1905721
1764325
1506646
395987
927505
1213274
1362587
1681270
1877941
1780396
1539219
1305121
1539212
137117
935410
991867
1151573
1215053
898266
1490652
1576920
441551
971356
1659901
1659906
975115
1626516
884015
516788
1075307
491290
1278286
1826503
1619743
753944
1428404
189156
1428403
1108927
1151109
1996856
945840
1004016
449729
631898
160852
1065314
1453752
1247840
843443
287050
96422
1655062
744109
989808
1338586
527038
1050429
90864
377404
1106158
1687895
1747059
303957
308540
303959
1175195
780622
1757114
1705990
1705991
1033647
817369
817368
817366
1998520
794076
652440
1698806
1316497
559449
944140
598891
1635721
982608
1715674
1120315
1120314
930905
1888348
1773828
1888345
1904702
997207
1332985
1314139
408791
1109332
596649
1933235
793046
1862706
1145191
1938215
331331
331332
979811
1233589
1630292
157210
1180300
380410
648046
961737
93501
840152
1227453
688900
1129576
542767
1488151
1031090
521652
1889122
1461507
620095
1118127
830625
1029945
1699036
1721066
1699030
1666818
1980962
318500
785287
595417
1841783
1568546
1715071
1527089
1715075
1388616
1549040
777250
1518306
843891
848402
989493
957594
579039
1476891
845869
972627
476111
1857159
1762547
1802303
615500
345299
972952
1437218
1874305
776128
898265
1201133
1680819
1787377
57225
57224
1164288
1216825
1814105
1624285
760543
1810346
1696798
829405
796680
889835
522818
628898
1979613
1048932
1164751
1320232
931532
637259
1062184
1301329
1471902
890934
1442711
1646770
1454959
1615509
827579
795088
1962262
132992
1678100
1641924
1381497
1446482
1961688
1876305
1680078
1797111
1664081
1411677
1356300
1663983
765272
940650
1638730
1957134
841414
841415
193184
831801
991849
1446480
845259
285125
981944
1668198
1415881
898869
1567816
1000495
1393152
671928
26679
1781132
151350
26672
344506
750876
1208437
1160536
724059
1111632
1033805
1793474
987398
1206956
1655593
1415942
1162579
1789235
1691814
1383394
796309
765030
796307
1568680
747732
747735
1943158
1794298
1426137
1604499
1909693
1909692
1909695
1829322
830388
552785
1280095
1804946
780866
454750
780868
904998
557441
1681821
1250009
1341665
927951
821645
927772
1230029
328714
714570
1801481
984270
1719149
901481
1978153
1075048
1657357
1773802
827496
1073974
1073971
1073972
1466198
719199
459555
871614
1647343
539431
412124
790058
1745912
724046
1287970
381568
363811
1392989
1136735
840423
1835389
840137
208639
1669344
1925227
1446341
529468
1617222
1210915
1969244
1497777
1827006
196569
594873
990436
1792606
1209913
1613091
616271
830240
1284578
1446731
897240
897242
1888813
889779
889778
7743
7740
171125
171123
1095311
171128
1231612
96389
928811
1984959
842149
959310
1663268
1864202
338437
1824209
1492701
1904912
835020
838011
1495731
581853
1495735
1147314
1147313
1666692
765194
1185334
611294
1451500
1726025
827935
1399534
617633
348054
1032963
1515283
1083660
810535
1980332
852345
1846282
1317190
1317193
1317192
1861188
1861182
1861183
1861186
1534435
1861184
1220028
1378096
1078775
745040
1073011
1728079
1229018
1572698
994477
994470
940814
1686167
477668
477669
1901574
1033563
235283
1937164
954110
1277036
574989
80294
1277032
1367382
1367387
1367384
1183322
1914511
1124239
1353328
927091
587188
1048669
799374
1781804
888722
1116992
482512
1670377
1877184
487595
1076643
1991814
1991815
1631378
1631376
1448395
800013
1135349
1657998
1578206
1122997
636729
1168877
1168874
1326626
360374
1326622
1269896
876577
1233421
1261537
1564375
848300
1864058
1905984
1924073
671943
1862513
987395
595641
1278572
595643
1836060
1781110
815013
1720025
1305423
216967
1791340
786052
917035
1640759
1094234
854075
866919
1219098
1228796
1228793
1754643
1935153
1964781
1619471
987111
1526631
1027110
1708393
672914
93140
1070394
974208
614577
1428447
995022
828932
1391084
1550196
872983
1445922
1338098
140120
949883
784747
784741
915083
1033689
1495695
1495697
292959
933146
1227057
517376
1846361
1563975
1138191
1216672
1375177
1252365
818477
1032088
1249532
1317501
125005
997530
1266958
1978172
479917
937623
990218
650324
810672
1437400
1825450
1696057
1510835
274854
422484
1052276
1787321
1784667
1547733
945277
714163
1683617
1684939
808727
534211
1167205
1167206
840117
1233099
961844
1179898
1315629
1035021
1035023
495491
548572
1892737
1892736
1965200
999268
1661132
1939567
1891284
1826481
1237392
1471124
1063950
136736
1930913
641968
641969
136400
729844
729842
933441
1871444
1284558
738729
1701340
1701838
1710593
993632
1095338
1373754
1231940
1231946
1210584
1210587
161355
764591
1612561
1557900
475522
1904931
988851
1968177
424083
1836859
571680
908173
430799
1869055
1791900
1270543
1270546
1270547
1526798
1074085
956135
1348293
1690510
391984
1634782
1367745
21825
1555368
669392
1972542
324130
281880
1865133
492019
287737
1729306
633861
1906794
1783684
1819712
1492320
756965
976058
940833
1897630
1951008
1932511
1932515
1647551
1312893
1923516
1808012
1263023
1995064
1109184
409619
799312
1085982
1595555
948168
519610
1243701
795370
1109292
1134338
772009
236751
1480116
661794
772000
772005
1941594
949788
182124
557248
1394428
1109126
1270301
1120062
667551
1940421
1610994
163306
895290
1817245
437207
1000456
688575
1039148
151310
452023
600466
1800866
1701557
134327
1178429
1861192
1709396
958418
1232574
988111
1690180
1513243
882445
1718364
882449
1170405
1841405
1157823
1157822
1890545
1550607
1085317
1478679
1873965
1923073
1824436
783419
1931251
783412
1759130
1693634
1780162
1723066
1929112
1282077
1538393
817697
1645737
1627295
326442
1813977
1238526
124046
124044
124041
402250
124048
711018
551580
1020165
1566471
1216475
879305
1216473
1861229
723984
1861225
1861224
1157441
1861222
1861221
1861220
723981
1618229
1618225
1836500
790671
1462102
683555
1966577
1010976
1521246
1521247
1216655
274832
809213
291117
1639367
1822293
999767
1814753
513700
1814757
1257540
1311258
562551
1565708
544129
544124
544125
544122
544123
844372
544121
1446308
893854
379366
379361
1025083
1025081
1025085
1619939
1020260
1961500
1445377
812968
1531584
487362
1867040
1790736
1022538
456021
1882911
1212887
659277
1831996
1210953
1276849
1081807
1511893
1067980
811052
1408735
814575
1330416
1453944
1916420
1916422
963976
759630
834004
1854434
1011692
1943074
394709
929184
1165179
896735
1059850
1245453
1274911
813105
1274912
1836870
1171371
1350630
1884555
1884556
1029705
934515
1555547
754215
1228615
952162
1549756
1549754
1549759
1170572
1640126
1555543
1227482
1522457
1783330
1838444
1611159
551112
1318832
1142324
1864543
1169303
1841676
1230294
925182
1367039
134105
1559840
904837
1923681
880107
1689423
1689425
990531
130054
1341566
1860897
781813
781811
824314
1436101
1675475
1925071
1066115
557616
1901793
843439
1414263
557619
762312
1419363
125967
1145675
1659697
1718975
622885
627612
1076606
1076600
1138760
1987889
1076609
1076608
1138769
797044
689977
1892380
603704
1624197
595942
975560
1917350
1852326
561291
1304779
179314
1904175
804191
1657052
1361884
906262
1087896
395287
556568
1796809
487883
1626597
1868965
1861125
726678
518948
765932
1392808
1779801
600443
1443680
520236
483646
1334619
1011206
1161537
1011203
391763
974578
530870
1226503
585721
988469
1583435
1131942
1208231
707373
1766546
1951565
1766542
1720689
778393
778396
1803574
1535323
1353627
318801
1758824
1550669
1103591
1820714
798541
1069704
1698730
1788438
1135680
624675
1165094
1841282
1289007
1256336
386097
1567161
1839189
571523
255862
124020
124023
1824457
1519309
973294
124026
124029
890696
890697
890694
1055137
1893374
1057405
1563420
515647
593320
593323
617208
1272208
523555
1437621
1917169
1555447
1861209
1861208
614953
614951
1861204
1861207
948557
1793297
767303
990251
1671729
1671728
1397034
1112488
973434
829492
829493
1340559
829495
1075524
1901496
1138156
1520179
1078839
513722
513723
1078832
440103
1368928
1914122
966256
879589
1556080
932290
1129253
1048162
1977955
655565
895314
949684
544100
544102
544103
544104
544105
544106
544107
1113352
517391
1309175
812947
1205519
769745
598128
1208009
598127
879919
785204
1408716
990402
1213404
1238086
1919576
1596574
1816929
847138
1210818
1727979
1527000
935114
1621311
520565
444489
1840257
1477851
188410
188414
859197
1910117
1964117
617988
147788
574585
851214
541655
1903255
1385527
1903252
425249
1409049
1545819
1383257
1383256
1799030
1483809
1014158
1644832
1716838
1285644
361655
1127362
770285
1070030
1413450
1846598
1846599
635361
500185
1887905
1768866
921551
921556
832687
900694
744222
536556
900691
900692
877457
877456
1438427
1603329
1821635
1798736
680181
680183
1609548
1651514
874189
1658639
970807
1429562
1667274
260443
1501704
1378383
128248
1483180
1979690
1501708
1712064
794647
196083
1450616
1450617
1450614
348561
1782373
1396027
1747904
715131
1897684
1983628
1897717
644486
749260
749261
749264
952851
1815570
1406814
335883
647979
854498
1875146
1958992
1814180
854497
1843345
927250
1522852
689913
1128623
847967
163280
163282
163284
1308536
1495357
1467728
548109
986441
1808938
1932917
810158
1262775
182105
1647025
608477
797719
344589
713275
1108142
483663
483660
483667
1410545
483669
1281824
291703
913973
1786441
626272
1481606
1167589
843133
924283
924285
892316
171127
1900444
1900446
980780
980781
258808
145336
572054
830075
897369
1498321
1963347
1879434
1536377
1799627
1064423
1542107
25936
1705088
1140397
1754445
925087
96388
888584
916320
1365316
949863
852159
852156
1845255
579754
1529503
579756
581998
1936444
981431
1010353
1707243
1836933
1168200
1810894
1249082
1249084
1998236
124007
124005
908852
908673
125755
1825702
1249559
713868
199055
1558642
135369
1819679
324325
707306
1706041
1706043
1948105
1948102
1371758
1225867
530383
515660
1853797
1042059
1516853
1299455
739992
1557913
1022911
601079
1882991
885278
1554932
122810
619621
1863766
909895
909894
1207042
909890
909893
1699540
1408083
1234785
1071506
1205576
1745441
1745444
1553928
1439601
907942
763452
982499
475134
986195
893238
273579
325448
1661734
1557004
975013
1960639
1836104
1490462
881768
260254
1445937
1084915
1644585
1985605
1366546
1636893
1108600
1968192
1451720
1060441
1247677
448553
448556
934551
934228
1170532
1170533
1170534
1170539
933680
593644
978071
736080
1774674
776670
1582393
1821615
1902100
1246786
1093390
617458
1827110
1083910
544146
1827119
1905372
839326
616630
1752578
1351100
1843981
1542915
1721801
842056
1698797
707026
800927
304974
800929
800928
1410418
1795641
1047812
1219966
678273
1604330
1973579
1516722
476574
1032652
870421
1235310
1868509
1822394
1559729
947957
1986399
1221594
1647003
1784745
1983816
1270813
1085980
615817
1610285
182121
1090848
607900
484301
1980772
910751
620992
917525
726630
774356
1728239
94792
94794
637105
94797
94798
944360
68582
1182500
1913817
1062656
846631
1960282
1405584
1861187
844180
1266470
801860
1353197
1745388
1442372
971392
1950927
893684
1121757
595757
1208279
1060383
869680
161131
1536314
734799
771321
789963
1376199
1798551
845929
800353
859371
1366935
580594
1478039
580599
982118
749074
1586467
909924
544098
1043810
1043811
909926
1051376
149869
859196
890305
859194
773880
100729
890302
896431
872905
498130
1426487
908651
994473
755801
1805704
909928
119534
776245
119530
788574
1288931
209542
1861240
209540
1808939
1643939
1704002
1960376
628198
1579078
513459
1171679
408979
1229179
1229170
1138112
477764
964925
937443
963324
1053944
936310
1360422
1859515
1449733
1436532
890874
753403
1797336
534290
1538003
1941277
652518
1917878
544144
769567
544147
544142
544143
1991930
1121584
1274381
1833987
1274383
1540407
836772
763552
1588027
655295
1844510
1071835
1401588
626337
944014
798610
1390781
1539664
808104
1401586
912087
1930993
1930999
263750
932875
774830
538296
176533
1581934
395107
1547844
935151
814883
963913
1891206
1891204
1903861
1233271
1233273
483148
1614111
653592
653593
1797922
866164
438488
1904244
438485
438484
1541117
562648
760167
1292086
1549809
788605
394505
1284008
1560555
1553157
1292557
1630829
1044567
1281512
735565
735567
582832
1378832
978013
1226222
1477799
754265
1665899
1830409
1248527
1874618
1250389
1991440
1873046
1808898
1092352
777306
990591
138696
589762
807950
1330031
1330030
1936095
1438286
686710
192331
937830
1847682
1815897
1782407
515149
1607957
833998
1975987
1134443
941649
1530312
1529713
410120
1740999
1185066
1055326
1815004
1317396
1815005
1605554
475327
998105
865190
1109215
1254692
1917661
1861037
1455689
1559748
1639282
1076647
163791
1111245
1028994
1674941
1574890
1836374
609037
1836373
1609495
94611
157641
1911849
1326938
1787156
1169563
388591
1169569
388597
1779866
909910
544088
909912
909913
909914
909915
1794642
909917
909918
544080
544083
544082
1706535
544084
544087
544086
718943
1898693
1914648
883394
1363561
1855376
1658233
980435
399833
1609801
1764925
323882
614000
614264
614263
1380764
1749451
1749450
1442397
1612401
887471
1743410
1957028
1333562
1052205
1209784
508975
918258
163882
1226690
1875202
503601
1413805
552749
1232422
1323431
1850251
1880176
1085648
1085647
1103688
1903170
1903171
982131
1246954
131533
1666003
965236
915869
872925
872923
1395948
1860715
1838566
754198
754199
1796085
754196
341700
754191
281470
754193
567269
391555
821353
567266
843532
1198814
928771
1958838
730872
1001304
670058
1577522
386383
386386
247444
386388
376916
1120880
128894
833853
833854
669850
927191
1873253
1446077
569854
1691690
302658
128760
210194
602048
134054
1610324
1588004
1442498
601783
1042011
1375879
473152
1878321
163305
920974
893600
532826
944036
944039
1371892
1898773
432887
1425808
1520365
1750591
1880411
1881533
1836499
1510945
1480785
1187581
272959
1912220
1861112
1968406
604447
604448
1359949
412252
1647218
600560
1744750
1864827
361187
934048
934047
1904261
843056
1648465
1391014
1943219
1709057
957359
953308
750881
524609
267309
860361
165010
1913573
1867625
1474206
858123
990925
1517243
1663739
1890684
1947086
1093195
1429055
1765835
1124643
1273419
1273418
869472
1276176
1983314
1102416
511007
1471585
1097182
611994
611997
1677165
1790819
439613
1529481
1246293
1780738
1663199
1285089
1014828
297645
392789
959249
392078
1199757
1591270
1591273
610485
1949975
141649
1429580
141644
618454
367038
335791
1438282
1438281
1650226
1093826
877830
752908
1926164
1046456
1678929
1678433
1933331
1005302
1818758
1818756
1818203
1548376
1986607
830991
958047
1543705
801767
1842639
767605
274396
274393
683744
738730
799775
1581872
1169543
1494064
353798
1118269
735003
1856917
1720788
1035345
155844
1446242
567481
882358
1080092
1606709
398679
1701807
940499
1052195
1073741
1140624
343745
1801242
275446
845095
275441
1223405
1711816
1983200
1871019
1863283
503047
1398071
1849405
734755
763601
1940779
1936646
1160669
788440
933907
777405
566199
207965
1119355
1119353
524767
910863
833415
1705391
1663502
492563
1827814
1611215
1857092
1479618
782346
1209102
158033
1630982
1133356
1784289
1655289
1409215
1070420
160949
1879011
500022
1004826
1954576
1551207
554000
856888
1526109
1226945
1526985
1251994
1329369
1071185
989842
1494523
1585216
391065
1073995
498684
846319
1268928
1476347
582911
1753760
1861175
1861174
1508920
1117293
1966241
1861179
498534
1504782
529511
189660
1753490
602065
1693521
1168196
1780506
1780505
134078
902280
1058899
574972
763598
888064
1926592
1071875
535524
535520
1163506
519489
1182687
519483
196580
367260
1368354
1157212
663127
588084
588088
1864734
960883
1091329
437322
1209014
1503575
1382917
1525694
1064471
788390
1700655
1490994
992092
1889258
1169737
856824
1336043
786735
1251348
248422
1789133
440899
248421
1525966
541384
572116
1718203
522489
330755
1292267
1292266
1795180
1801474
1791510
492350
1065259
1273472
1276119
1820634
842783
1459648
1720833
795438
1374658
785648
912389
1717696
515819
1230498
1284406
1015137
687229
1284402
441073
1780759
762407
1943638
523758
1210457
1958447
994321
976812
1657946
1482507
1227424
396573
1579439
1576048
1493506
1032181
523639
21062
989057
1317604
1249655
1202663
816550
1801814
1359423
1868253
1512285
1615850
336204
1783068
1874219
1647757
1696135
1987021
1818777
685502
685500
948217
685504
1921433
875416
923334
521459
1415008
1950801
962805
894254
1882850
1853073
478577
538330
479624
474491
1792295
739286
1924853
549839
1924859
828020
612692
1796975
1118026
1435952
1835157
203314
203316
942409
203313
1739012
1149037
203318
1908467
819303
850462
1785057
867888
1861133
1336214
525366
263675
1213348
916634
1247770
1208295
770694
1064864
831733
1776558
1866836
1136919
941291
528675
1011559
1490500
366538
759061
335055
1269556
1840571
1819702
992137
992135
1274447
909911
1274445
131289
1122190
1744547
1744545
1577971
1794641
909916
674643
880137
1557534
544081
1824634
1628636
1861134
994447
1938569
1575927
1575929
1371206
1913728
1913729
625433
704344
1131836
832417
1477144
1972239
1004113
1004115
644892
644895
183837
1492024
657277
1563373
1689502
1048274
1438307
908365
1438309
1861150
1396457
1861154
1398615
1861159
1861158
1881861
1972050
1901692
1752036
240250
845500
845507
300184
75695
75696
801572
1839653
1163344
1868758
1072444
679192
1216077
517333
274211
1697551
362947
1682676
772107
795295
1898735
781556
1978511
209729
1528094
1728018
1836452
1750085
851108
1777785
1557080
1091347
1844289
796987
147967
1053433
1966179
1869911
1889277
1362261
263447
796188
507002
263443
263113
263112
1046252
858702
289974
1669253
1188181
1113824
1913535
1894502
1034486
155022
155027
1980814
1532018
1930358
1929254
1980818
725759
825752
1106210
338250
882679
812328
511045
812632
1277527
1645673
1782801
563531
924540
1946177
1742012
504062
1549176
835530
311253
1434217
182682
1903676
1426766
1426765
465291
689553
1946390
765045
997650
972175
1057056
1871534
835752
1756253
1756255
603728
1185006
481700
754235
754234
754236
754231
754233
1203953
2369
1626131
1626135
1097167
998166
602493
861123
861125
898393
1379057
1692352
1861094
1130263
1812760
404766
404761
854522
736657
1512991
1925692
521927
391565
839859
850997
850996
260398
1866327
980836
1978742
544067
544066
974694
544063
544062
916865
536847
1656147
544068
879047
1436050
879040
1157103
1764187
490838
1792270
885951
1207237
1803695
637985
1118597
339283
1287346
519727
1353116
1635249
475290
1134022
888576
950082
627574
1861157
618397
1197131
1777996
979205
339421
1900797
1567923
1567922
1567924
1787379
1145901
984996
1026202
1820422
717545
1211069
1208811
1875002
1247028
889780
1037277
868959
1149038
1700177
994843
472216
1094452
561814
1943420
1377530
1774555
1658452
1178389
1658455
567280
567282
830105
1545686
1778415
1807596
1590088
1830035
594002
1708282
474910
1010872
1654175
1589915
1729782
244112
649552
700748
198914
786479
1728922
1558997
1658123
1861139
99332
879238
879235
1861131
1861130
1861137
1861136
1750473
1343409
1230267
802609
791611
557537
988375
1240832
1520427
842246
1528650
797947
1072461
773876
1705591
743467
1660315
1246165
1246164
1324764
1324766
1617201
610657
265283
902716
578683
1674000
1087979
1884232
1120102
1120103
827215
1001945
1792890
1917564
1001943
1758513
209107
949316
798124
1787017
1818031
851125
936282
1163816
1986123
1793022
788461
1044903
385138
934024
1016335
1966993
1463501
1054822
1123296
1418509
91027
1837306
1093698
1837303
1159642
709439
1766177
1662265
1367746
1064297
974348
761330
710607
1150228
1150229
614416
1150227
183048
1110573
1744914
1809990
129277
1039508
730594
136260
514293
1394427
1736710
882692
1134836
1638432
639032
1365219
971850
1879915
1785872
1968397
641967
1198174
1709030
1638961
1413508
866493
1719517
1943671
859633
1433517
1184458
1864330
211568
1135870
1722258
1518312
1518313
716938
754217
754216
1235002
754214
754212
754210
423140
1800106
754218
843435
1429298
683260
1359468
754192
1557762
1455606
353389
1577687
353383
1172481
391549
513375
935231
153160
808865
1334327
141886
1927817
1969572
1913077
522948
300025
990401
1091990
1058257
595467
544000
1235913
799426
317373
1878739
1878086
1173282
1849600
1745329
1981312
1745324
1796933
1710120
301641
785300
1314149
528456
893883
1181862
725562
1863153
849182
1081254
1510116
683001
1938130
1980998
243919
1265585
1980996
1579424
1533519
896102
1281717
554956
416240
443582
784874
1288192
1350134
206857
907825
206853
760863
832836
1951596
625610
1019328
1197849
1469019
1054530
1655194
1082782
931839
1902229
542512
308783
469259
1134647
1642717
1672567
240294
1811026
1811020
323783
1719233
1515091
231088
1839691
1185900
991624
537615
1146937
1104897
401675
1659443
1783494
1117270
1896607
1861115
1861114
1861117
1861116
1861110
1997907
1861119
963789
719708
701425
1866469
894530
514282
1032469
1233740
1286739
654541
868367
1286735
1966421
596221
949338
1301266
1765906
456820
999373
917449
1091380
1826356
1848214
599657
1056110
1138574
1855524
1182151
1850158
1581597
1581590
849516
395707
856887
361100
1789152
707740
1042455
394259
1871849
1813191
1803715
1892359
361819
1060299
1292282
1446556
974361
1430085
1369371
1858592
1685938
1038750
930180
771240
1729866
1357849
1160740
619199
1736770
357624
627930
1093605
401071
1337735
1685685
851729
982015
577364
875469
1358598
750370
1302380
1971464
687247
929099
1000372
772898
1055032
1358591
1146379
999344
999342
784005
1634902
790149
784531
908590
754270
754274
1534393
941854
1097125
1732254
952037
1923285
603727
1283954
1755109
957712
1868099
1700959
1445424
1411966
765595
724733
1291254
1945381
122991
122990
1423156
122995
936582
837637
578762
1059721
710974
846542
1833579
1059728
1878639
775627
1672918
915017
1722907
1722900
776164
787007
857049
1155433
1867984
1892167
260066
1092778
739991
1234085
422478
422476
1967121
601648
1815965
387443
865939
627702
71374
914301
1546549
1020449
853931
1243632
1052112
1354891
1566915
479648
1371891
831793
799768
1434889
903122
903121
903125
903124
789785
753945
288498
1940269
288493
288495
1638132
1981663
433340
1022491
339468
829807
829806
1661234
606455
1309926
1597690
833492
1840081
1956429
1789527
1848531
950772
554972
554976
1573947
1744253
1716482
1583291
399940
1380341
1380342
834563
625672
1361253
984976
984979
909905
