924629
1660233
55296
1085191
1064958
1893401
1517167
22269
497559
435489
1679932
1184520
1273114
392370
1926841
1465650
1846108
402059
1013252
386635
233830
376170
576649
1499891
981827
932748
1559126
1220894
1477394
1996782
1109883
765672
124358
917888
581607
1932366
1505635
317728
1746089
1954934
1382199
1883488
1712839
808414
919150
1843976
773344
773832
1559282
870184
771249
940887
773349
1812802
818155
1656242
1523280
380581
400529
940084
175266
705090
753555
188967
188964
188962
225501
470402
222222
280651
584115
108827
826129
826125
1553100
1535795
129455
585865
1502724
601325
1068061
1892625
1439040
1271451
1745066
879808
778076
778072
630007
630005
1374822
238654
359209
1888964
1888967
930309
1724394
224257
1047143
537391
1850864
1850687
899784
541303
1434276
588237
1434278
1823904
1754941
1626668
1154419
1974012
811964
1503934
1247816
1272438
640812
1500708
829004
404523
558879
1865390
1808854
1066939
929615
761968
527003
1954233
559470
1718438
1648464
923620
524263
1773002
1732186
172169
679878
828433
828432
679876
556275
101538
1422809
1058036
1654650
1861873
570484
1399659
759954
124722
237730
1998579
514055
514053
1835860
1681585
1252563
517234
1646334
1506840
510932
1324460
1941083
1811257
967593
972048
314735
965730
772511
1183128
1742570
797170
561018
1063412
1993788
1117151
1433230
986553
1284209
871640
827756
1080075
68348
68340
1501893
1501892
1145964
1119805
1965014
457924
770616
491891
1222516
94953
1385497
145592
924423
1299848
612708
398038
751830
283790
183147
283795
283794
1594279
547219
1273753
1269212
1478499
110578
1322119
1569472
612446
1662702
504162
598229
1065514
229460
1755977
1682919
946123
1975685
1125587
458645
441713
981693
608937
1802509
1774063
1477674
982807
972671
998067
831213
546368
119843
1195486
1936260
586680
1938873
568498
568499
772184
1258944
1534361
358564
1847255
1928460
1732049
704075
1733937
1842572
767721
1225601
1380956
1541845
1959526
937538
931275
752373
1127752
1565211
1234437
1561914
717433
780428
547771
113330
596480
1516802
1554655
1885521
433063
303370
911581
1620579
1764337
1691217
1457069
270950
1932369
1161619
1506671
1635120
1063061
433608
598058
1439718
511516
1939457
214191
405849
1425770
1065721
1269779
1269777
1233478
1384819
1892114
1957291
1541596
1287661
1122585
1705290
95965
126662
126666
126668
757899
1895547
1860235
1787632
1533326
120626
403684
1648200
425443
1205888
403689
425445
1416084
551406
1870488
1217755
1572603
1583486
1709639
720834
773835
933795
1283648
1040390
1949153
1841322
527024
176466
1741917
1885069
1829317
773838
1437013
1654670
1837620
171982
1252540
553809
1992900
616933
297137
772579
930913
329582
734662
1163427
1017299
1225034
935894
520119
176981
767398
955271
829423
1980590
1962020
545334
1918985
545331
935913
1709957
827771
1193583
136835
600157
403333
242334
1592403
1966611
765391
481975
811028
811020
1456637
1957592
1911144
94972
232008
35617
708706
348569
775221
287981
1223087
1662498
767890
1200666
1827058
1890788
1026930
1665111
338377
1736658
1034367
1277429
1080941
1150982
1844194
783037
1632902
1403774
1157507
933672
1232734
311135
946140
1079852
323232
1121915
1942775
740442
744729
782927
1477439
1028174
493610
972922
341675
1500131
1383152
464640
391466
1842553
1062249
1787097
1291530
1883192
936975
1656201
1833272
693387
547750
935955
168046
168042
168049
1318389
685869
1019816
1019814
1019812
1742905
1068029
1777852
1259957
1994039
1710224
1043297
827386
1366008
1376038
706589
1529806
550934
258908
1559941
1061999
335311
1323883
541344
126649
126648
946443
126646
1499060
1796410
1249124
406402
1617758
1201434
1470162
1366470
642192
1470165
1777327
1724666
1989164
1989161
1522295
400368
577072
973068
1283667
553774
19741
1857629
1923211
1050435
929657
1897010
570465
1476918
1893250
472120
241480
1149983
1756853
908245
592603
1833048
1271929
240429
1901953
1901955
817312
1672206
1252529
855614
831392
1842305
898283
1808188
199757
1955141
1645937
7964
932444
1668212
1746453
1441371
1621744
1561895
1660189
63504
1750455
1566205
895523
1814584
1777929
333411
1620292
1675094
1117117
793032
463374
1548976
544412
1103892
158925
319912
1251501
1228024
608783
775024
1371952
471381
1817355
381576
855153
1372032
280739
280737
521665
588897
361950
330306
1830727
834054
834051
280559
1155256
1155257
1867745
1939557
1386841
1895311
1386845
1895315
1923695
1426958
918077
918070
1590023
1080962
370238
1080968
1273242
595400
1518492
1050841
1953674
1788630
1485726
1629367
855377
308703
599094
7775
1334839
228652
228650
689187
922457
1394101
1211405
326621
311116
1207972
1089375
859246
1661833
115942
859248
1074136
1422121
711987
965549
532158
250135
1773797
1104211
307633
580420
887981
24829
1555350
1379155
633837
605313
440407
603425
827000
1528503
837736
1574401
1585323
547412
970899
1650343
970895
627559
246287
974797
1368891
964700
936737
627556
524153
1263072
1110128
530787
1494673
1436402
99282
1457367
785104
691611
616835
1002743
1268287
944830
836426
833140
1717215
1071278
1071907
939754
939757
1071271
772058
939752
1386104
482697
803921
169516
1215716
417850
1215714
1215715
1215712
1215713
763767
1776306
1664876
1215718
1215719
786457
1376010
1218753
33567
394129
540144
1887411
394121
661853
572253
298890
1876592
1798100
1531412
313012
711603
327444
945872
774451
1211651
1054775
650955
1099302
1203447
1377279
355358
95875
1288876
1061314
1526629
1526621
589261
973950
1942217
472143
517138
472149
319866
830398
1384505
784777
1038318
1623024
592668
1928527
904471
428716
942899
542048
1529229
1230382
304642
293078
1295115
1663082
787084
764758
166633
1255530
166635
199738
539372
1521272
1375101
1045334
1659704
476711
627780
313659
1833061
586103
586101
884571
22973
1757834
1813614
1630570
1749782
509881
1202996
197602
1423040
1654943
1187030
1071731
1049810
1835398
230303
479025
688955
229814
182837
1970166
1944529
1110430
652965
1090117
652967
1809651
357852
1806179
444788
156134
1989405
1871108
871782
1394744
978887
1360286
1713858
548381
1879810
435661
924330
1583213
1648760
1378880
989441
1421536
977020
413614
734390
493165
335129
1971618
1438494
983773
1352883
1249713
60591
1241735
1241734
611774
69248
331359
1630894
281546
281541
1295016
1216856
1808687
153882
165533
1070572
959589
732706
389822
1053105
1379680
222702
445201
518088
1129529
1514747
612021
1277021
1656841
1893739
702551
1555956
1363481
182800
87276
1145333
828105
566496
566494
1382117
168006
1221278
626192
1200438
1596065
914778
1539406
1279163
918604
1776144
975536
1861702
833169
1970421
1970422
14805
168912
168914
1047416
1264547
363167
363165
822756
131615
1806098
1373840
1273666
1806097
1272816
342567
1547913
356539
950454
135977
868707
868706
924784
782202
1791403
1228819
1505318
1206907
620102
760210
760217
91353
91357
91356
886799
1116233
1127053
1568674
1287318
1190930
477689
1827972
1082117
1937364
1111884
1987282
369448
1032998
140641
195714
1509319
1061840
492796
497323
276417
1752731
428777
276419
1771911
373396
373393
1224012
1566423
9132
1048868
1853878
1853877
1853873
523506
1671190
1608365
523500
1520789
1968913
899141
673463
257762
765790
1555490
1519084
937659
990225
1025345
21318
21319
37478
1678818
683549
1333681
518414
1559870
516109
910599
1067443
1042578
1042579
1042576
1042577
1716377
775069
1364023
516810
62145
526902
1713485
1631797
1625116
310976
1114465
314668
1941117
330343
330437
188972
95837
829097
1816663
544483
1576896
728091
765884
765889
1809675
1208388
450965
1357962
1144697
1652605
469290
527501
399743
238355
681441
774083
752165
1936779
1055777
1280189
373493
144204
244979
1499767
460511
130951
975357
886216
1710077
1980042
1622724
782418
1622726
1188157
1764617
1812373
1528926
1951970
1018892
455820
642193
486716
141189
1239457
1474854
1787525
852376
1575871
1608111
369585
1775331
1972852
1191368
170994
1514767
470935
427271
1885940
235237
235236
612004
1861044
62820
655903
655902
828121
390579
1808006
1087374
1520331
1221219
320304
384068
569367
805038
1341931
1341932
1745887
539500
539502
1055977
1109282
975513
528268
535364
535360
8901
1664832
930149
1664789
1427341
1605890
493928
757341
571862
571861
1915633
1835748
68737
435900
1434168
467976
1806527
1026830
1377146
1006667
1863948
1371491
411372
411373
782778
287242
1364851
782775
381788
381071
1203402
1060086
612642
974589
476982
476983
332530
530860
1146596
95833
1655748
95834
573256
1266737
1865331
1681153
1890025
904124
612253
612250
480836
1717814
1706904
776361
96565
922334
1643946
1707232
385433
745626
374851
742903
994211
1059457
1884482
1893365
539338
63704
1853851
1836652
1771341
308826
723434
930991
468260
1732387
1765292
1342050
717958
465856
1967965
1342059
1786303
1786300
227579
801586
1618233
767315
400704
1142456
844712
844713
1868149
1002574
796771
1848865
767170
1382307
1418765
1131313
964687
1062566
1621851
36505
1118371
1970210
538303
145918
1568205
282884
828378
1087417
969914
1890708
316226
763468
691303
887800
1071083
1749560
938276
1596563
1771901
1453951
1069476
640647
1788302
1561122
831642
1912255
1514984
257758
1616125
1264359
1940882
1267616
1663233
1125567
978046
366916
1425400
111460
1165141
354547
354546
1974464
896212
354540
1357947
406393
449988
406399
1170361
877199
1272570
1272573
784307
919839
1111432
1716803
1928778
1270592
403415
686237
686238
926330
1004420
1082094
1082093
1082091
457777
1960820
807187
185052
1273485
337008
1907418
1412158
1651500
1893087
641207
1650451
82845
612061
755443
135652
309673
1556405
1670141
1646271
1106658
496109
1866488
1967579
1811116
410155
1530340
1785029
392774
418309
418300
418302
418304
1221235
1813172
517461
1272902
975578
1370706
1433176
1976685
1273138
478075
1296632
471794
938577
1569486
159913
600674
584487
1707465
1251468
1786518
310957
1355975
1090814
716838
385797
1215927
1711863
502763
1088531
335396
1817214
1064568
1382129
1334608
821152
1596796
1468751
1700569
147477
299659
612662
225211
1268448
225213
1865358
1709694
89298
1891933
89296
89294
789771
355007
462636
783442
1951731
1951732
1729312
613045
1729315
1707781
784999
1384212
1743606
564994
972730
1529534
802741
922608
556832
802745
1839198
1715577
401492
333009
535979
1217889
1073696
120061
10958
832756
1475777
1839999
1004896
1272749
61980
1525183
1175109
821300
1808274
596306
1712713
1636539
976144
60585
138639
582085
1843032
403396
685272
403398
1488252
780749
120931
1993834
1657697
768648
889967
826220
112418
122579
594969
1952411
597438
146247
1863510
68961
1222158
133926
766963
1707800
394281
296384
173208
588036
1186625
344454
298718
1750016
1420172
1569491
1080470
1499130
594688
1267676
83225
1315236
759926
1663211
1127977
1434469
1809949
595484
468875
1903245
282887
631303
784542
1218306
1147388
886250
1723759
1065448
1254741
1420794
409866
1420792
861493
1074588
1571358
1372473
1708770
73260
1061494
776666
281521
904592
1511682
672654
1565904
1506710
480973
1324830
480978
27175
27171
1383134
1774465
260456
1277048
1217435
1954663
784586
1175311
167191
1216748
651255
200092
1320139
1772601
1719899
293269
578807
1578293
198497
574809
975802
466450
1769084
1153277
1153270
1917329
334837
1779389
334833
1659550
1087595
1884345
1751395
658018
335401
80972
1120034
1099718
1439863
1439864
1439865
98910
596113
509653
1380208
1204931
551533
168465
541644
1053528
1564616
1222832
1386185
1919047
1264644
784177
1385187
1385186
1867400
1628198
1516956
1934527
524400
1892933
1426871
970031
1432952
497162
97840
594167
1012699
1950484
1100101
1789842
1798542
778104
933204
1040607
787373
1691886
1570129
107382
1376981
55931
55930
925891
959176
1473200
1168213
257089
1846685
1802236
880819
1082424
1505082
908843
531395
105380
829175
829174
784446
1917131
204720
153490
153497
1838005
240480
942812
1377965
1706056
1107733
554568
794511
911228
534536
102437
517830
911226
1375189
1679699
937323
937452
1917799
1779449
937746
832149
1929897
1967928
1180581
346144
1803830
895360
203158
594987
1087455
1691579
1892031
920945
1952165
1091824
1177367
930792
1326222
785231
517161
517695
1063253
1552689
774820
596663
223941
930428
963922
955671
287945
541420
541422
1064156
711543
375338
1960602
375333
591854
591855
534141
585093
941673
1340853
883950
1241223
1989596
822276
1969022
1283295
1407052
1703015
1281528
907204
309753
589362
1295692
1968512
526567
1236216
1575895
1942377
1942379
1894798
1960867
404860
988354
1662019
450674
1778541
492655
861575
1936861
492652
1518290
909789
991479
1082361
1271844
592766
801167
1672322
351592
838887
1001105
1374442
423687
323502
1535963
1988710
1715907
766129
61826
247798
61824
61825
61823
61820
61821
1548056
1828304
1361916
963106
1220985
781649
1872899
1883628
353338
333353
1157683
1757916
1679314
1657089
1025461
257526
1552949
920559
1940450
571375
1712968
974996
735316
1228340
1228344
1716273
1086447
516778
939082
516959
168338
521746
1851338
965850
1944261
1367522
625005
769383
625006
147434
785395
976746
1481490
886864
886712
814407
814404
1735434
1087710
1442383
509577
1453837
1780251
1406598
1816564
1790026
318852
276428
1849364
771443
863065
417704
1010101
1214531
1075536
1075534
822644
92339
1904394
839836
1698585
1791776
1260954
1185247
1884937
1884935
1624917
1272253
1302013
383140
1433729
184675
765716
369995
1220379
96052
515452
1374307
418288
1484546
1958805
1328310
1276376
320195
1908979
9420
1180744
1653883
902014
902015
997589
278450
138093
346127
826776
379318
379310
1309100
660682
202841
418131
210455
698999
1710838
1710832
1941998
1421322
1977676
1601673
1189684
1749589
1308316
516892
1104550
827284
1835666
584079
445234
1564420
144757
525092
95354
1135403
1665461
1891276
1505513
1090643
652985
1031739
1517725
1067801
1610665
615024
1938687
394578
1913838
921762
1299953
1655660
1673013
1377485
1377482
111487
245006
974189
366972
366977
1351337
562244
1568428
1939158
1816225
1681703
1316073
1596797
1452669
1446814
1729144
468302
1808880
201189
1708664
1378355
1875532
1885277
1125674
1860397
835586
274149
1828096
1522118
1482551
802994
1588624
313311
42299
546989
1235521
61808
313993
669183
1881609
1516094
928189
890102
1272115
1088920
219278
1562799
353319
1498014
1389809
457647
1868062
1868063
1742169
1091470
163787
163789
818354
513307
1874103
1896017
138629
570459
320388
1527896
552985
479101
1777617
447245
168315
447243
938918
575259
575253
575254
540989
1664256
1234074
242921
112711
1777924
395304
222228
222229
222220
222221
1121785
222224
1725913
1067633
1863736
913453
1384012
132056
1849437
1417045
1638635
1638636
759580
318878
983084
1223653
814689
771318
953471
925589
967960
777413
946714
661987
552770
1734971
924182
1265538
975272
1663047
1518159
249012
938709
414562
1016864
120775
1036739
1399961
1874547
972258
1896787
135087
1759701
1212740
1838515
765738
1239751
942729
1496286
240991
1708585
956774
1324990
1004165
1328376
1765657
1121271
1266184
968606
1995480
1976077
1976079
62433
1779407
1393698
337869
1615470
601025
820418
139875
1507261
1813078
1220824
191614
1079115
1052774
1965831
1175782
1515532
1264728
847810
1562305
583778
931409
363028
1049063
1252676
532830
1234484
532834
532836
1561464
588893
1408780
1894928
1791983
909877
1761539
365072
365071
1182322
1475072
768221
187607
793146
899075
728345
538794
1663876
1663877
1272914
1212813
1334562
864954
803866
600511
843043
1617694
786727
1088380
319861
538425
319869
1352790
229677
934584
524636
1513377
1123151
825549
1109157
1113872
242489
1116573
762881
186516
1272671
214612
541020
541021
973830
973835
1951300
1799532
611989
417061
1801809
1408811
1013436
1359364
273095
1040456
1045130
392260
959011
762416
762417
1217496
523726
523725
478940
1325109
116969
1996482
286499
336359
1433686
227639
1808573
991307
1477562
1173581
1109221
885698
1671638
654071
1274200
1254325
327042
1812717
1987033
80990
1071473
767610
1453302
1969524
116036
1592747
1972927
1184925
1234901
163455
1297328
474461
1371430
527271
938978
844420
1268112
893967
1675530
143716
1833810
1050850
1274473
143713
1596799
112732
1867133
981841
1546283
421619
954799
1279744
478388
1223367
811129
415749
727669
1219734
1516643
1914967
935512
848089
960242
1062250
924215
882347
1059963
78829
1465954
1857552
1434013
166248
585173
898924
555650
1946591
1269399
126755
549485
1798617
335065
1517116
1517115
1084500
867632
131561
827805
896469
1359172
767824
929471
776743
448317
784171
929479
1938550
796201
1225036
1787404
19650
1586436
1774309
1796675
1225811
490049
357462
522722
248740
1277329
612326
154207
1157701
599956
766066
520277
1335317
1039993
1039997
1776042
1172375
1341871
1130061
297843
1071862
1756492
1520655
939965
939962
1224369
901381
901383
1042027
931425
1270964
1270961
1376317
1032417
1730325
1886176
814837
1664049
616928
1516299
399789
1247553
1052
931289
1080164
1278374
1386623
1218859
1812097
1223755
502519
1067843
1108676
1067518
108508
1044683
1044684
735608
735605
3110
186685
1669247
1669246
69116
282622
970131
1560274
590294
1799735
593925
651949
1350313
1350311
1798424
1432783
1927370
1359695
382111
266689
1811541
1811811
1879257
343409
761263
929268
1782834
1282309
1875574
1329299
1936858
1567722
366649
1026517
1339786
430548
166247
166244
1792934
973816
224445
1765803
1075638
886246
1289356
1563772
1611012
1392197
129447
1519189
785901
1624145
1893135
382509
768903
909497
209303
1893961
1526308
773637
1784883
1814024
976240
1379268
1179435
416905
1966793
165701
1594761
1380883
582618
1770339
582616
582617
582614
582615
582612
582613
582611
533807
830497
830495
568892
568895
1699499
1046072
886948
791855
1785599
597823
768054
132899
319650
319651
960080
1959928
886801
1271213
932941
1279764
521649
168352
168350
779365
774983
969870
1064632
1064636
1064635
784895
451772
1661486
1012616
1123360
749916
171968
585150
1755146
940934
1458206
368883
1218041
89097
1123583
312478
961021
312470
958719
1870084
1231121
1893459
1772873
146186
592881
379708
888420
1535864
1765617
1698697
964999
964998
1429966
1954521
897759
1438661
1150556
510083
191439
1343410
74354
742729
98521
1077447
326528
456743
943585
754949
1958865
1079152
773842
633084
850666
916983
1588501
219351
10260
10261
10262
10263
10264
10265
1940513
1863855
820908
1399957
1109059
941986
1332644
1786250
1117069
1433345
817718
1809473
1410347
905825
1308211
948948
768264
913805
1779917
1389048
322512
1012113
1546183
965919
775442
1292076
250340
1700603
1709263
1523337
1829803
840072
1957994
1186689
171759
1960573
1850364
299465
299466
1921685
299462
299463
832989
1723443
217747
1677282
217748
1340091
1501000
1785841
1827182
1075926
95912
1708607
117033
1433501
1227452
782781
98750
1422857
214211
214215
423171
1555554
1470280
1451372
766216
1437880
1860400
1558514
140966
1283988
1453288
1379062
818291
81064
910711
192603
327009
1746614
1521401
105667
1001893
1001891
790473
790472
96809
936061
1925682
1367130
794366
1333856
540822
186311
362568
597594
582630
582632
582634
582636
895025
427651
1204203
501442
1892152
719937
84437
346331
156217
766846
1785067
326842
1566945
565474
1771000
1878522
584779
778349
1849907
109809
109377
1918916
1918912
1564540
365117
238299
149411
1499354
1665545
1493052
1510451
1569672
1325628
928994
859451
1661204
1153933
765300
916662
1208550
858705
136081
136082
1549405
1723877
1989659
165869
96238
483421
1486137
1567931
989502
1845173
866814
527229
1774527
527226
1231108
1602981
1865209
1772855
1070294
651393
897516
1669877
1936860
592312
1378290
1550701
1370275
1893386
1530507
1280174
200992
1847284
99320
99326
780965
99329
1069874
337378
1660492
1378078
1224101
1936234
259011
1673736
326540
1365197
587383
386404
587381
1657129
1072472
1057565
1395841
473120
532259
1449014
1449013
654756
1217662
1233776
1932801
1328286
1332663
138546
275576
790734
1848262
1512027
1596810
756758
935928
1225411
1314766
258994
620713
1956591
1127444
1428982
637780
132112
1539908
405814
930193
675884
1539907
630038
630039
630035
630032
630030
61120
762793
1616273
1567894
1567899
1811584
1065481
326536
203288
1707531
1697298
449290
641827
458759
1051719
435571
519159
889633
1828014
1433566
1082077
377936
1021780
1745458
908234
1975932
594208
22063
22061
329934
1526694
428106
730962
1647700
443879
96771
97423
1224731
97428
1449463
686344
686346
140940
63484
1967774
1553872
785052
1280967
1050831
143803
1129493
783840
597310
321307
163701
911145
1539024
883583
1713728
156276
805693
771139
774948
863550
537435
426756
1858445
144677
1584095
1918979
146817
1025049
1006484
1233522
1435292
157274
1435296
1769409
463387
1661225
1989494
888805
1851797
1661229
430334
782080
1960492
685112
938886
207629
131589
1037248
934371
894845
1170171
594782
1237336
1315421
418653
1471186
1774508
1979275
732868
460094
258387
1902347
1658484
612479
533630
1778425
1210782
260532
1951601
1682960
1807707
783064
788352
1476863
1419506
721871
1370256
1788063
98302
308246
766006
927107
233827
583907
583903
512863
1771567
1238406
1884598
1519208
1906040
1130001
63035
1507777
1360492
1917756
847896
765666
1997939
1866455
1028640
806804
21595
94145
1195908
94142
928437
1730920
349189
940892
1869458
1400397
790758
1772541
466142
1221771
536950
705086
400531
1017308
588815
1885512
1885517
280645
1916294
931041
931042
1835793
585853
229142
1731038
1279198
1731033
252602
1731036
1731034
1826263
549074
1554586
156024
1680040
630018
1419793
630012
811397
630014
630015
630016
1215016
946673
356638
466856
1771815
1002837
532476
988068
1655687
224793
224791
171790
1051737
1238674
1571731
170446
1510644
1894758
653476
244809
110959
1273378
1956679
1677710
305018
1890875
908211
1272422
1272421
1272420
640808
261031
1622306
1751271
508448
1521624
354181
498288
1568992
1036585
505363
1412951
761973
1959766
942553
773127
289256
177226
1492220
1274745
1378484
1797400
1738027
1424884
613426
1713299
1005917
1892118
1343158
1778942
510907
1869682
523591
772839
265135
1182284
1987473
1234898
1924591
1924592
1179856
1076562
1213333
78444
1199862
1569224
596686
1235941
1652768
673836
759569
1114169
833312
1560999
1115347
471680
1115349
1258235
68350
157257
1202357
1981619
461259
946805
1859842
1871779
472792
1503712
848000
511978
94944
511977
1935276
1662192
66981
66982
760344
1377569
170327
612739
283783
1911319
1300343
1567970
480976
172783
1667103
957003
439029
1681060
1971042
1788914
1890405
1033453
580962
1653469
866506
783000
523068
1218682
1083439
1004271
1004273
194139
942965
510020
1066711
335310
1219818
351744
981358
578964
981353
806796
1618117
583920
1057525
1088807
1775038
1753133
1515852
1906242
781549
532293
1505973
1804395
1994333
856169
24097
24098
827245
75065
75062
75069
911316
521502
773823
773356
313038
773825
518018
102898
1235165
1221753
1658290
1777711
329348
1187396
1297223
232035
1914201
582333
582332
1361497
752164
264987
1553131
122397
858220
122393
787801
1025810
1892630
704168
796914
1749018
655192
1389174
826376
1816154
600319
914851
196423
1395632
194496
1953669
454950
1803048
1063676
620285
1063674
922921
933836
272070
1698174
131682
476979
1965490
1701420
728490
1906802
1906801
1906800
1884622
1961937
126672
126677
126675
1915339
1120577
982064
1969188
459269
1710554
1943115
1884721
327437
192236
1270718
368725
1894773
595599
1394454
425457
1520480
1642353
1217745
697538
459266
393193
1751213
1865384
1066942
1865388
1804893
1229824
1704173
1377008
952061
98111
1426465
613095
589171
1518363
536104
1861806
1972767
1127972
246935
246932
246933
1837636
1556683
943377
1563194
1129100
1550973
553812
1860460
1224081
638871
638878
1925196
509656
550107
932497
616921
1563998
885498
641011
1378752
1372982
535451
535458
1076235
1222035
1222034
380126
859234
328798
731339
388879
757658
596669
112205
112206
112207
1087487
1892792
1864971
168685
168681
1674311
781269
871650
600126
189940
1080064
1153440
1686845
1966603
1313726
1279818
771683
1119814
934159
1003306
779503
94969
1121562
934842
1094193
1155261
691391
1823742
614386
834330
1277430
533672
886440
1895143
256934
492009
1288125
813722
431288
431285
1440048
311126
1116046
1997817
358888
458675
1509085
206753
551081
982870
57794
1168167
531132
1810753
1810751
1460804
1030878
493604
1974611
368917
309889
1306133
972932
121578
21621
523471
1125102
1112639
400166
1868454
724826
600945
600944
404892
64951
1812450
1382431
1039391
1863760
317716
1001262
1528025
1783623
743908
81144
1859673
1520054
1676766
1844237
1732495
1498803
547764
83448
179285
362663
1557813
133339
823450
927502
927501
927500
1812871
198357
1385848
381958
1797275
1983130
198358
766428
815588
1060250
511521
330949
383404
863785
939501
399236
531699
1880557
8045
1567830
1864019
1374912
1026602
1323897
896525
982049
86668
335309
1123191
1836027
126129
126655
126657
1025801
903208
1690340
656344
235486
1789709
554112
551473
919926
1061611
26286
589234
1322057
403543
570700
1121195
1765200
888528
536121
1687898
1627589
755229
877773
140611
309145
309144
1556334
309143
824436
372348
490677
42305
1504121
42301
439517
800807
553833
199742
1521227
1813649
1959188
1079079
404138
1559314
396320
1467240
1053811
930906
899222
1294275
1063443
757676
1158199
708213
609154
609150
1741233
609158
1372301
933761
157213
567677
384112
774100
1207794
1207793
934133
774258
584085
1852862
637027
868699
1074258
1121543
238300
399916
1362029
750462
287993
228645
340871
801982
1119383
887516
1616376
1565869
1803472
777786
23236
8189
960422
1502403
785759
97438
824373
1230588
1102783
1040268
1295648
1433446
1433447
1433448
1587071
55510
845865
943529
333150
1325263
1325261
250128
154139
1451523
592827
305714
810513
1676768
1383161
926341
64977
1946914
1331478
1868475
310277
1241661
628097
1598492
519903
1221244
38555
38556
38557
1269374
1124339
1476770
970883
1908825
942651
799179
584659
799172
175567
1670130
644400
1263068
1873339
1114718
722680
550563
429261
1408148
1276462
321602
1812854
1710960
805390
950466
1685942
1215709
1215708
1063636
1215701
906756
1524517
77927
1860408
1349540
1264043
804648
1674452
1870307
249319
1505323
224483
385077
1557206
224484
1068949
385078
1248143
1206954
483764
933871
324928
73555
776339
73556
1920751
380159
1784040
765036
403566
1627623
1283675
185293
403569
840956
832725
192609
1804059
828441
1897009
1893243
1274874
1839741
1860136
498443
819816
1969897
1833070
819818
771816
1066328
771813
1256357
771819
1040526
1504490
929661
518429
1072006
1747044
533941
685187
1540573
77929
1431358
1857248
1996544
21321
1805014
391087
1852265
1933219
1868645
857981
1096202
1986501
1506231
945298
1042581
1042580
322412
1153401
1745916
842454
521957
1941783
569896
1062516
380160
1526582
1223302
1856834
830817
1278180
685192
844338
1315601
1675622
1315609
1833929
1880329
1123545
1123544
1880321
1837698
1127253
1056212
1764843
1271340
1735363
1731685
60586
449681
1086595
1665122
1628599
1921349
303032
1302878
729311
1973070
886487
1709453
1226160
771575
393653
1075805
1211473
1949001
1070093
326653
585005
193459
1839357
1943525
1089365
653572
1325064
545703
1325069
899947
1974387
1602165
493172
117550
925143
925142
227931
978560
1272582
1421723
1762210
310336
586670
611958
249100
782911
586677
1379146
1676214
24831
923799
1235281
1808690
1988108
1946970
753822
444886
409099
766084
1712886
1842050
948104
940817
1328221
1367073
1328222
1367077
1363949
829176
976076
1973608
1563569
1656839
1656837
1973602
1856332
709166
462322
902122
524167
407477
1145325
1983685
534683
1837000
1837001
772689
384094
1546633
1149458
141209
1953306
1055980
857586
771017
768598
1224566
321192
636727
1207188
1858500
1386136
938492
778575
778577
1973865
1120048
640394
1852106
1886776
1614920
333617
1864052
1268417
1864054
910286
910284
224711
1891343
24248
1891344
1915390
1080509
47267
1810968
1223116
1136359
1789216
1695159
1789213
984863
1468253
1496340
567823
1594268
1915820
825984
825985
732965
1964782
1044225
1850503
1995600
220017
1643426
886548
1785938
1549364
1875772
1054375
1438014
1248663
1422892
631166
1759114
1033681
1216455
904468
1873182
449320
80660
444941
1526611
1009225
1009226
1009222
1004573
1858887
1521268
1521269
1853887
766694
1330279
535435
1453467
523512
1185164
1552107
1151709
489923
1805566
1805567
1872765
1966000
1523687
944108
1508165
1670580
1670581
1670586
1004220
1670584
1670585
1680004
1377049
1750391
1869574
1634411
584156
694220
943821
943825
1196741
1918911
1714298
1956362
62155
533975
964504
950053
172427
1766807
1766804
83216
83211
1159280
1921586
1826489
1891280
1616156
1207644
652977
652975
1210933
1210934
1818834
1373438
1930918
178506
863601
1635322
766990
1276867
1549554
1849278
1186690
1182971
527512
282702
282704
1075280
924302
444447
1337173
1194212
1707161
977011
127957
1477977
590137
1082730
881253
389291
389293
119724
1460863
430797
313816
934536
465055
465056
465057
1994009
465058
1711245
871111
460695
1289237
1438208
423369
253875
942471
1118998
1565970
579079
952365
1070565
1565978
521581
389831
474014
1772656
832576
915343
758135
1891292
1679769
140350
1088205
827925
885571
1825683
535359
62818
1457352
1457353
1457350
1808016
597214
152692
251435
1740911
1895952
517453
770649
1127982
1109293
168297
335739
1856315
1338304
1970418
1327802
528271
1224584
831843
893998
59085
307971
550963
1269709
1647061
1915155
1109128
596167
421932
661737
977864
1084199
1858788
888923
1186593
768314
1275874
840585
1275873
1060899
913169
1534472
1141373
955891
1568701
1994884
35614
35616
1376939
188664
863217
966844
1440227
1034781
1517632
1920577
241127
872447
1590242
866647
1248138
612229
525667
1920798
1920797
451839
510433
766327
1550468
286610
1515184
392536
546271
546272
546275
1262138
1909309
1972105
1994243
1651253
1836641
654980
1507980
1132787
1183425
1185106
1025379
1786310
281342
926534
799502
317564
1122653
1741250
1714052
1053255
1229229
790016
440129
1655183
530073
337387
1941298
1855471
543587
1939650
1554973
572845
611329
155906
909854
155905
1792398
1766823
1993596
68957
439333
1240127
1235874
1892575
403677
1752914
1081801
1215688
728086
728089
1380641
1215686
388211
938266
563609
87440
563606
257760
139884
1767284
225900
156280
1475884
1894015
307172
1201540
1664131
1811746
1273235
1273232
336490
463859
1799056
1867911
368997
1265761
1265762
919849
1990222
1383236
1889720
1655348
1241742
854810
1281161
220196
553603
1227481
1834192
806591
1768884
1837471
773049
1977780
536538
1474024
1752222
1778536
839987
281750
1512514
1191311
1328266
1623176
1124399
973591
1897654
581729
1430430
1495881
1504537
544910
1987557
821149
1941358
1873390
1087368
1742446
80431
1746564
271874
1145673
236190
1693377
1221220
1742221
1987338
833130
101808
799196
1269937
884685
931557
1267183
895103
548123
1275136
1398298
975620
804190
804193
1091178
1111221
99327
977845
781362
1944386
1086944
596149
1177418
596142
502821
119097
1741754
768337
1862554
1208495
217835
1841877
585542
585541
1740593
525472
1228868
1392293
924801
1560707
1517031
1969147
1669511
1599464
924118
258284
35368
1011065
1700794
1820172
136077
136071
1007526
1780205
1681147
1622038
355017
1520080
1959207
1895007
1099976
580801
509208
511162
842649
1698735
842645
456356
556825
556827
276425
603802
276423
557426
96579
809903
105118
1215717
981410
763763
624019
1260989
519897
839060
1374889
1057400
763766
1291936
1996698
1839981
173452
1402717
919306
1543417
1271956
42296
42297
1387787
1850581
1825493
513148
1379713
1753415
1125375
60594
605407
60593
60592
844707
735554
1853846
1647901
107157
1242665
1413179
1110095
1114654
364603
757728
830872
155925
122569
976523
1432154
282899
102908
582620
429505
827788
1816611
102905
792718
1816616
1673392
1064164
792712
913213
1780928
608607
138844
1408713
789009
576985
1655923
933408
938248
1564452
1851550
983814
805235
1840701
1233238
1510276
110585
110586
1336599
1037336
886249
611976
886244
886245
250434
1420787
197821
1333527
1420788
1708742
925343
1214779
281513
1061481
1082087
110321
1082083
765684
522549
1074627
623048
337037
1074629
601878
838074
1509751
669681
1126704
1897939
753617
1815583
1082334
1801891
1853309
1504557
85314
959087
1790875
1563093
24858
559705
1272693
1395620
485236
24856
24857
99277
1393058
1537881
444244
1573058
444241
444243
1520342
772629
923481
1954491
1139787
927251
1588382
320334
932629
63457
63456
979164
1294358
1769095
584923
597307
1555272
473073
1779390
1674726
252598
1366092
1884376
1678059
1269833
531677
1270879
1810258
169870
411697
164880
793874
763764
1071350
1247485
936291
942804
774118
1223608
941212
477803
1777467
316392
1797082
979511
89287
1865346
1709173
89288
1496985
897367
1219786
136056
136054
136050
1827700
930085
1799622
1691099
95127
1689325
1972296
777130
986267
929554
1641461
1019501
1218782
924138
1325697
392578
1188601
333036
967681
341404
10962
10961
10960
1943528
1085423
1082430
1824470
1058739
1922784
1893356
1872529
784450
1202741
1800552
1357630
1357632
1836686
204732
172775
1201299
518359
1726321
1359295
1431955
545704
1437469
854008
844721
1703566
56406
926062
1966533
1332926
1959161
1669887
79812
79811
79815
1979736
9419
1574269
1848833
837159
841649
1224401
524009
685189
1918176
1959385
768986
1173470
612863
769587
769589
1917812
976540
976542
1768607
1035733
1619973
1797279
509871
1646526
1965845
1087449
1797273
939680
601211
1096280
138861
769769
1031742
1553922
1730113
79695
1535152
766971
949000
1717071
1298324
269035
269036
269037
1707873
1701892
540099
663147
1613819
1866937
1080465
1665438
1080463
319708
1769519
540321
643094
1497119
881763
1669700
373114
1661889
385197
774587
457331
1063861
1731571
765271
1514957
503341
406360
819626
492660
1209081
1796692
312705
1011743
774637
1841057
570952
958642
1707497
586672
1231256
834951
773004
1616531
1432732
165585
1394997
611955
611951
611953
1661217
181716
493536
1172683
547973
874163
874160
784778
1511343
1991134
351584
1487132
85334
1812100
1280227
1694057
1398756
1035926
1066158
1066159
1983602
671062
1773617
1004698
1077592
1476138
639992
1671533
1653977
1117531
1117537
1025456
588901
1127983
1418051
940321
775373
518661
168325
851530
168323
168321
814410
814411
863213
432656
1145894
863216
1145896
1345089
1826092
1290838
268516
794081
1918892
1613154
288452
1568761
299608
1214851
299600
1127578
848836
599473
1506065
156282
1711855
1068643
1186286
1665888
1432942
1710455
1816575
1780243
792105
792101
792103
792102
1713985
1858499
771327
771322
1065604
941589
1177413
1549679
778135
1280032
983508
1850586
1121805
1088290
1413178
55927
55929
653308
310455
1633413
1111875
1806932
1633416
1707757
240639
372658
60802
1154534
424925
424924
1811780
383153
846035
153483
1331537
1861243
1324320
486262
1220368
583540
760428
790612
418290
418297
418294
1089981
138667
1046803
923523
966742
183891
937338
937337
895682
1077785
1221104
172363
1757045
1885938
1234234
1020755
1795789
1967427
346151
1713161
850614
1699562
407207
932787
888021
146292
609196
1811337
1694593
172983
1222450
930787
1894956
1863746
336090
752575
1831174
473848
144743
545235
548314
545230
334033
334032
1854493
1658387
1560888
792822
792823
433264
47834
47837
47836
1947680
47833
1985626
1930335
245010
245011
1617139
1602362
1223277
793447
1380009
1154323
1938690
1891063
1245929
1278038
1777051
938757
1706722
784951
1218428
1218425
1218424
47835
1464136
686085
282695
1377123
1943584
1894787
1619204
828528
1518287
1518284
1316044
1087685
980114
1804649
821297
1731558
766289
337116
933009
139457
581783
46899
764664
766133
766137
766139
1713375
773682
61813
61811
61817
61814
61819
1028192
1973550
1552043
836349
1129680
905050
1128379
1933314
1917664
1503223
765536
138279
1738895
1674949
211452
1761194
860012
68740
1712973
1712974
1712975
1234932
1062414
1844300
1777609
1714539
1553792
54320
58316
54322
775533
567467
62230
474456
971000
232168
1941049
232162
470561
232167
479372
1826872
1962802
1367534
1007099
585783
585785
222218
785384
359219
132043
66130
1459451
1274036
705763
1274032
648858
25975
691144
1855955
1850074
725673
1789819
933257
1510195
1777156
92341
1075546
713499
338572
1903179
1995745
813266
1081705
358160
767875
1927739
1758844
559680
1515816
1896792
1037030
1555429
1037039
361406
1565896
1841779
923052
1774350
1325873
1185986
420687
420684
1908968
1975645
755829
1297478
1540395
1540397
1615403
455514
1069882
1813007
892555
787943
709580
1892067
304917
841594
1898598
362984
1422438
583781
583780
943664
809560
210445
831904
1973942
1126073
963700
963703
1884253
766936
1088705
1029168
702808
285575
1661772
548335
971745
1026125
1652690
1447033
1025739
95345
226230
182883
1960679
1809249
1359808
692421
1974346
1824827
538417
319872
406329
1679223
1644893
912815
507591
589334
1123141
1554538
735583
339566
339567
339560
225766
1428989
339568
186509
541017
1865195
1811517
598545
214199
1059690
1788535
1804845
1708676
925908
783752
1214770
1708679
959022
559231
1180492
1563788
813091
1592528
1951082
1429581
1088937
1180276
21269
1782461
1002463
1782465
1148837
1104971
1203451
1678694
96854
1412322
172081
1142764
521474
1972950
1234662
1234660
1139050
586906
94752
1131603
705338
1969671
582570
1234001
1713379
549742
222231
1953253
1785030
1481990
1120664
415751
620405
1807370
503596
1274051
1953070
343607
176208
1940778
1857893
1707731
1666249
893021
1280075
229813
229811
1434009
326135
229815
1366648
95889
833419
100101
979021
1153947
1616748
187023
1903485
373614
497087
1262194
1895621
256980
1870465
1990618
1688120
663908
1686418
1399212
1241008
312483
1974139
1667993
1951780
1786822
760804
1094417
616086
645294
1438321
1799245
524417
77676
1767862
1787414
1371224
825369
19645
1230807
396631
686057
1496034
1476341
937372
1922890
1839900
1803130
1995492
305418
1508926
1512385
1779416
766075
1309097
1309096
379280
602067
1556267
229170
456842
1076543
1121953
304931
1892041
939622
1520642
836733
930218
1222410
1270971
701332
1128435
399117
1099669
1433316
1433317
211809
1863704
29782
1235332
1500808
596041
1434636
917173
58747
58746
1272905
1272906
920337
533484
1810025
1966152
788427
794102
788423
1950069
1209992
786731
786734
1332208
1982090
319890
1911068
985522
938710
114557
1854980
1044522
1376876
1885632
549553
1113840
970141
126680
1930483
1864590
832953
1823674
1969331
1616227
1432790
1082005
1478730
1707386
544602
931992
931994
857665
1785831
1353455
1804829
354179
757835
527668
527661
1376499
755781
937294
1376492
239893
748094
1808501
615411
991312
1868257
247543
1967854
767048
1852471
801168
801169
310983
393900
1041319
1389852
1843126
1178135
558563
1812700
772595
1548609
1548356
875411
1796353
1604931
1708185
675272
1843699
1973048
1076806
1886575
1653444
964158
280153
280150
280151
1925456
246147
823250
938968
1961463
1050866
80982
251309
1730505
68697
1440777
1267835
1381239
1207744
311476
156228
352750
156220
1956223
1952276
238026
774993
385873
1401978
132084
1034747
1326023
1326024
1864693
789278
545393
328803
328802
171009
1655849
1567909
1702453
1370153
1767744
1325616
1859706
435241
54323
1848373
1514818
1380182
1269389
815306
61119
61116
61117
1428065
1822498
273098
1787754
606161
13894
1385759
312466
312461
299596
634266
1753853
551543
1037071
1751564
1004807
261182
547891
1838521
89316
1690057
93038
89318
1199182
19665
19664
1199185
686079
683593
686070
98514
1941046
1658715
104150
1502300
339915
1643888
520267
598616
597644
1379914
485773
947032
1079147
1079146
1079144
1079149
944216
944217
478149
1563597
939979
1112685
1565431
1562422
1132909
146182
70429
1564746
1270953
1270959
174735
443655
1503439
1345491
1618513
508786
1433339
1834637
1118903
1433330
1027967
216087
822337
334050
1809461
1793001
1891515
1848253
868417
1706298
1546195
1546194
1546196
1222439
1212514
1067850
1068885
1809203
108510
530936
521104
1957969
1116697
229139
229138
1662200
974325
970121
1553251
1710751
644471
1033215
1811552
792403
792404
842762
1655775
1785856
924544
1074398
1759785
316974
286734
286737
1417727
1079971
1434219
661014
1426761
1417723
397795
397794
905656
1083885
1083884
336361
336360
1596068
835757
1221843
1425074
1741885
1216515
1172975
1103368
766269
595987
1001738
1712622
457616
1598213
773620
943909
1283196
1382037
1183189
54472
1001883
1001885
1011910
1969512
846502
1180981
522969
582609
582608
582607
1973066
582601
597589
1973063
936898
936676
1656140
936896
547677
902561
1371469
1424584
1398429
1573786
1356180
501437
501436
805395
851827
1967168
1397828
1435793
164289
1485382
1742840
886813
1246886
932971
1573430
779370
955769
1223914
1362981
1957518
1417743
1858418
1924258
259038
149406
901833
222854
225801
1122422
1154245
716159
447498
765314
1812161
869603
1064338
1754062
500201
1990656
1201395
545972
1579788
452231
1219184
958700
1014965
110040
35504
35505
1231132
35507
542577
472376
1821771
97436
1667844
222475
1121198
1885305
773291
612316
1893625
1679973
787238
1272799
1280160
99330
1808649
1184695
1672541
766524
1991745
328590
939831
618888
259001
845562
1416906
485718
1899203
326538
1365182
458513
326533
323012
326531
478123
1776019
1141149
1747171
1825671
1945137
610658
1296839
244655
1052091
1848098
1270935
1270934
1712871
984691
387895
138554
380329
1089813
1681705
1809190
1647276
1656282
164634
80692
326998
756762
1644078
1071161
1067524
1118163
931034
1883916
584157
931039
1214930
1297019
1297018
1468423
1625033
398756
1620519
1020317
1664546
1851592
129499
1659881
1084056
834135
834137
1208159
1895478
1849059
306357
1357825
1246766
1106277
1964263
326263
1951803
762788
1707698
1645387
1119784
156129
1561717
935739
776968
1788551
1788221
282617
1705278
1197656
526315
925748
1122655
546866
546860
1666418
1381875
1510678
782794
1810997
1119439
584367
1792866
872840
1478261
1633223
214209
313906
476662
214205
784792
214201
1172955
257205
1881675
1812299
493591
1098812
1676670
1572419
505352
1525328
1281151
1175457
1201021
524225
1201022
1321277
96837
622536
582627
582626
582625
582623
582622
582621
102909
1234354
102902
1234352
582629
582628
1280278
1967817
1566396
1028442
1610080
1562892
473657
1670538
1050825
660758
660759
870552
1524057
791861
450329
1003716
321316
1406948
763929
885421
1745980
1207700
1678056
390634
552800
1278783
774955
1122865
265499
265497
1071391
168387
179408
386703
78452
786535
1362650
1120714
1427243
1270213
845381
136890
313281
1434530
1119841
1895393
1904305
1063982
310747
822305
822306
1078003
1784326
1526517
1654444
1064351
711742
1011667
442222
309926
96222
513818
549187
1560632
830699
1777245
1192143
1322521
1496270
527232
145222
1888550
1364483
1568829
598267
1513861
1778430
995116
1667687
392396
1273177
904222
357419
589023
1384449
51364
65389
721866
764525
1066721
560756
583917
583914
259026
943553
983798
1072409
1657134
1652005
1657138
587375
587371
972419
836204
1775005
1395859
231880
892902
597794
1300605
891018
254619
1088789
1505427
618355
1233742
829564
600709
829563
926606
926603
855860
1076725
518020
621615
621611
1213795
1213796
1615404
294017
58271
58270
58275
1783828
790726
790722
246244
788338
974712
861588
1564700
1461816
588860
1731035
1777525
1560024
1022028
1116659
575439
914798
1257986
1460864
1892608
704135
1965335
1938991
980689
188522
217240
590267
502455
1673776
405806
192964
793397
630029
630028
630025
630027
630021
630020
630023
630022
1748021
1060043
1698438
761235
95926
525688
171781
1943651
1015158
532728
1591588
1798450
1557290
155424
466710
794720
1458020
373045
1265639
164173
327786
1270475
327788
573294
1981595
1004075
1647840
464417
1636222
1669985
755276
755275
499740
539841
1127947
97434
919601
1562076
1873139
90781
1234375
1403529
90784
990398
1520584
1430704
885194
1967747
599790
1436018
1575868
1742087
1785527
1234089
517254
514178
1813527
775086
775083
1987449
927499
1650800
805172
805174
1904751
636327
1968605
78457
967209
95144
1656672
538396
1852763
1128825
1855755
470322
1652955
284327
407155
1574088
251813
1130811
720272
760743
1021214
786515
571983
1176589
1661237
1405365
851351
765869
604632
1008502
775887
938897
938890
575258
1228935
445855
522322
1700133
238402
1571510
170331
